0.7988037
0.6103463
0.1408585
0.8016781
0.4474692
0.5414606
0.5486842
0.3411652
0.1139989
0.1032826
0.1177817
0.2349451
0.1429529
0.08570562
0.0751492
0.1698702
0.08938289
0.0983626
0.09878429
0.1144206
0.3042361
0.7229781
0.3822813
0.3391825
0.7108524
0.1998084
0.1383445
0.1394176
0.090987
0.1331248
0.1177817
0.1151893
0.07589562
0.1176878
0.1177183
0.1839376
0.2063269
0.1154342
0.1113717
0.08993054
0.1570882
0.2360022
0.4318269
0.2161301
0.2262581
0.1826263
0.2791182
0.1557275
0.1604742
0.105631
0.1375822
0.1858746
0.1101138
0.1258676
0.1113084
0.1154502
0.07146555
0.1573554
0.08188637
0.1051788
0.3938375
0.3739777
0.4978059
0.1659213
0.5090954
0.5533344
0.5998548
0.1311996
0.0743172
0.1870285
0.1277612
0.1113395
0.1801884
0.09653729
0.1869196
0.1420643
0.1348509
0.07386149
0.1005103
0.1853727
0.1124124
0.1179696
0.09574914
0.08858875
0.1991182
0.2502815
0.2092191
0.209897
0.1874421
0.1282365
0.133298
0.1476582
0.2255918
0.1468336
0.110334
0.1507519
0.2026614
0.1588133
0.1276054
0.1140886
0.2864066
0.1759869
0.1942827
0.1491067
0.2093565
0.1344206
0.4174962
0.1270652
0.08902822
0.1988632
0.1264643
0.1099313
0.1047729
0.08309717
0.1152213
0.2141742
0.115643
0.09388964
0.139412
0.08588371
0.0956487
0.08095275
0.4153841
0.1383963
0.5916883
0.09805275
0.5151187
0.1748986
0.4522908
0.07809994
0.1104414
0.1222009
0.1301452
0.117609
0.1299323
0.229498
0.1455826
0.1037933
0.1480023
0.08348507
0.1314679
0.2958135
0.4515216
0.1343956
0.3902321
0.2927661
0.1206192
0.5980524
0.1349189
0.1073238
0.1122055
0.1020275
0.1484045
0.1176878
0.1313151
0.1196835
0.09134167
0.120664
0.08525243
0.1676638
0.09683537
0.1700906
0.1031037
0.102908
0.1402201
0.09429473
0.1277723
0.1189455
0.3237334
0.1152213
0.1267591
0.1549927
0.1455919
0.1377855
0.1184292
0.1813002
0.09639454
0.07788939
0.06648765
0.1327201
0.118558
0.1039647
0.07368166
0.1058831
0.121367
0.2237116
0.2474093
0.08182415
0.1281233
0.2118436
0.1480857
0.15162
0.09220709
0.1749561
0.0982691
0.1205616
0.09185918
0.1075687
0.08330542
0.125579
0.1058058
0.1165996
0.09985564
0.140611
0.1033227
0.1413497
0.1049317
0.1012508
0.1233281
0.07809994
0.1152213
0.1655014
0.1262954
0
0.1177817
0.1417732
0.09964258
0.1350436
0.1177183
0.2411837
0.06672563
0.1008028
0.05897075
0.1008368
0.08656234
0.07386149
0.08935796
0.1125356
0.08842667
0.115158
0.1177817
0.09256465
0.1056091
0.07313149
0.2152687
0.1489311
0.09794824
0.1049897
0.05568965
0.1957579
0.1309023
0.08110188
0.1101161
0.07642183
0.1033227
0.09669512
0.09918882
0.1190193
0.05088178
0.1527548
0.1569304
0.0992539
0.2288503
0.3369577
0.1506173
0.1111056
0.2312848
0.1623399
0.1945291
0.1489906
0.1083544
0.1111593
0.105664
0.1019941
0.09622494
0.1423201
0.1151893
0.1042345
0.1299994
0.07364862
0.2142493
0.09799539
0.1826663
0.1275507
0.1056368
0.1248113
0.1367591
0.1154342
0.1104636
0.1420357
0.1786769
0.1313879
0.09669378
0.07257207
0.1344731
0.07702338
0.1505489
0.1153299
0.1589468
0.1554117
0.158517
0.8763136
0.9587643
0.1222923
1
0.6076183
0.09964258
0.6197026
0.3359623
0.1811802
0.07442499
0.08113568
0.1037052
0.04405529
0.1180338
0.1300357
0.1004782
0.1339286
0.1178487
0.0768107
0.1005103
0.4402702
0.1179945
0.2376606
0.1260192
0.08622101
0.4053674
0.1154342
0.0844467
0.09779369
0.05526276
0.09663138
0.06084327
0.1197435
0.09263962
0.1005225
0.1004782
0.1233969
0.1209453
0.1145336
0.1260826
0.1330828
0.135375
0.1004166
0.1490363
0.1039135
0.1387853
0.107986
0.115158
0.1325418
0.1080785
0.1033631
0.1218965
0.07306872
0.09782752
0.07917864
0.1030386
0.07797457
0.1207929
0.09659737
0.2684371
0.110381
0.1392157
0.1939539
0.3002271
0.1734826
0.1347803
0.09687341
0.1185468
0.2319094
0.1178835
0.09121244
0.09155454
0.09290639
0.1157128
0.1124504
0.1748815
0.1326515
0.1101492
0.09962597
0.1299323
0.7635686
0.1329304
0.402073
0.08454309
0.2723555
0.2191954
0.1058439
0.557897
0.1388095
0.1301072
0.08480253
0.1299654
0.1406968
0.1231828
0.08619028
0.1714479
0.09139615
0.07687753
0.1005103
0.1299323
0.4509147
0.2420226
0.102977
0.1808367
0.2324599
0.1311942
0.07001192
0.1490273
0.3761663
