48.1039
38.34809
14.04428
48.2527
29.91649
34.78211
35.15605
24.41349
12.65385
12.0991
12.84967
18.91483
14.1527
11.1892
10.64273
15.54612
11.37956
11.84441
11.86624
12.67568
22.50179
44.17866
26.54193
24.31085
43.55096
17.09592
13.91414
13.96969
11.4626
13.64393
12.84967
12.71547
10.68137
12.84481
12.84639
16.27434
17.43336
12.72815
12.51785
11.40791
14.88444
18.96955
29.10674
17.94084
18.46513
16.20646
21.20152
14.814
15.05972
12.22067
13.87468
16.37461
12.45273
13.26825
12.51457
12.72898
10.45204
14.89827
10.99149
12.19726
27.14016
26.11208
32.52225
15.3417
33.10667
35.39678
37.80498
13.54427
10.59966
16.43435
13.36628
12.51618
16.08026
11.74992
16.42871
14.1067
13.73329
10.57607
11.95559
16.34863
12.57172
12.8594
11.70912
11.33845
17.06019
19.70874
17.58308
17.61817
16.45576
13.39088
13.6529
14.39628
18.43064
14.35359
12.46413
14.55643
17.24361
14.97374
13.35821
12.65849
21.57882
15.86276
16.80987
14.47126
17.59019
13.71101
28.36489
13.33025
11.3612
17.04699
13.29914
12.44328
12.17625
11.05417
12.71713
17.83959
12.73896
11.61286
13.9694
11.19842
11.70392
10.94316
28.25555
13.91682
37.38223
11.82837
33.41848
15.80642
30.16609
10.79548
12.46969
13.07844
13.48969
12.84073
13.47867
18.63285
14.28883
12.12554
14.41409
11.07425
13.55816
22.06578
30.12627
13.70972
26.95352
21.90803
12.99656
37.71168
13.73681
12.3083
12.56101
12.03413
14.43491
12.84481
13.55025
12.94812
11.48096
12.99888
11.16574
15.4319
11.76535
15.55753
12.08984
12.07971
14.01123
11.63383
13.36685
12.90992
23.5111
12.71713
13.3144
14.77596
14.28931
13.8852
12.88319
16.13781
11.74253
10.78458
10.19435
13.62298
12.88986
12.13441
10.56676
12.23372
13.03527
18.33331
19.56006
10.98827
13.38502
17.71894
14.41841
14.60137
11.52576
15.8094
11.83957
12.99358
11.50775
12.32098
11.06495
13.25331
12.22972
12.78848
11.9217
14.03147
12.10118
14.06971
12.18447
11.99392
13.13679
10.79548
12.71713
15.31996
13.2904
6.752507
12.84967
14.09163
11.91067
13.74326
12.84639
19.23778
10.20667
11.97073
9.805225
11.97249
11.23355
10.57607
11.37827
12.5781
11.33006
12.71385
12.84967
11.54427
12.21954
10.53828
17.89625
14.46217
11.82296
12.18747
9.635374
16.88624
13.52888
10.95088
12.45285
10.70861
12.10118
11.75809
11.88718
12.91374
9.386487
14.66011
14.87627
11.89055
18.59932
24.19568
14.54946
12.50407
18.72535
15.1563
16.82263
14.46525
12.36165
12.50685
12.22238
12.0324
11.73375
14.11994
12.71547
12.14838
13.48214
10.56505
17.84348
11.8254
16.20853
13.35538
12.22097
13.21357
13.83207
12.72815
12.47084
14.10522
16.00201
13.55402
11.75802
10.50932
13.71373
10.73975
14.54592
12.72275
14.98065
14.79765
14.9584
52.11633
56.38453
13.08317
58.51916
38.20687
11.91067
38.83244
24.14415
16.1316
10.60524
10.95263
12.12098
9.033102
12.86272
13.48402
11.95393
13.68554
12.85314
10.72874
11.95559
29.54382
12.86069
19.0554
13.2761
11.21588
27.73702
12.72815
11.12403
11.81496
9.613276
11.75479
9.90216
12.95123
11.54815
11.95622
11.95393
13.14035
13.01344
12.68153
13.27938
13.64176
13.76042
11.95074
14.46762
12.13176
13.93696
12.34258
12.71385
13.61375
12.34737
12.10327
13.06268
10.53503
11.81671
10.85132
12.08647
10.78899
13.00555
11.75303
20.6486
12.46656
13.95924
16.79285
22.29426
15.73312
13.72963
11.76732
12.88928
18.75768
12.85494
11.47427
11.49198
11.56196
12.74257
12.57369
15.80554
13.61943
12.45456
11.90981
13.47867
46.2799
13.63387
27.56648
11.12902
20.85144
18.09952
12.23169
35.63297
13.93821
13.48772
11.14245
13.48038
14.03591
13.12927
11.21429
15.62779
11.48378
10.7322
11.95559
13.47867
30.09485
19.28121
12.08328
16.11382
18.78618
13.54399
10.37679
14.46715
26.22538
