0.9509654
0.09015483
0.1266347
0.08737586
0.08761977
0.1669789
0.1283065
0.08639403
0.08710463
0.01027355
0.008914595
0.008853329
0.007856216
0.008849702
0.01584235
0.008914595
0.01045138
0.01202825
0.01179131
0.009638557
0.008914595
0.01428638
0.008883743
0.01298275
0.008849702
0.01144863
0.00755677
0.01656965
0.01122314
0.005252856
0.01043576
0.009212877
0.006708797
0.01106673
0.01006085
0.004757297
0.01514565
0.01080675
0.01489995
0.01523978
0.08972114
1
0.1126688
0.09843781
0.1080099
0.1908239
0.08302879
0.04160532
0.02755716
0.009773429
0.008633117
0.01259558
0.0105159
0.008551421
0.01284806
0.008608187
0.01006085
0.007825091
0.01076289
0.009637591
0.007963533
0.01005954
0.009779369
0.009285551
0.007768342
0.01035913
0.008673063
0.008673063
0.02462281
0.008971342
0.01247438
0.01101156
0.01030238
0.008766111
0.009995954
0.01066539
0.01108298
0.01166702
0.01044008
0.008762958
0.05280802
0.1135316
0.9989921
0.2859673
0.1702326
0.2113353
0.1777526
0.1136818
0.07016302
0.02397417
0.007768342
0.01006085
0.009415466
0.007748625
0.01326124
0.01257641
0.009334518
0.008608187
0.01093384
0.007768342
0.009697673
0.01035913
0.009334518
0.01775319
0.01150039
0.008551421
0.01593753
0.009697673
0.01081535
0.007220402
0.006519
0.01285801
0.01527189
0.01347107
0.01006085
0.00875084
0.01030238
0.01423762
0.008486546
0.01014271
0.1029451
0.1163463
0.2858998
0.9961154
0.1716515
0.1215216
0.1047218
0.1260943
0.08133861
0.02594822
0.009939208
0.01203862
0.008066623
0.01033232
0.009779369
0.01144863
0.01135969
0.01120696
0.01265655
0.008914595
0.01047
0.01144863
0.008188265
0.02808207
0.006139025
0.01173046
0.008914595
0.01304865
0.0107223
0.008158268
0.01497351
0.008551421
0.009995954
0.008914595
0.01144976
0.008914595
0.007163636
0.00785638
0.01009352
0.01030238
0.08348329
0.09939766
0.1560002
0.1716425
0.9990092
0.257678
0.1586708
0.06729364
0.01723058
0.007768342
0.003363461
0.01006085
0.005710975
0.005131212
0.007930605
0.01462681
0.009697673
0.007768342
0.01166017
0.01327123
0.008673063
0.009334518
0.01668433
0.008914595
0.01154919
0.008608187
0.01030464
0.006678838
0.0108243
0.01702389
0.008633117
0.01006085
0.01271543
0.01550382
0.01346068
0.01908707
0.01144863
0.01720302
0.0233811
0.009451767
0.1539076
0.1788943
0.1587581
0.1242659
0.2584771
1
0.163215
0.1310979
0.1162965
0.04186403
0.007946732
0.006882156
0.0107223
0.01450783
0.01755696
0.01146879
0.01226284
0.009995954
0.01144863
0.006882594
0.01124683
0.007957721
0.0100291
0.01217247
0.008581381
0.008486546
0.005710975
0.01304796
0.008914595
0.02034714
0.009517499
0.01486866
0.01225096
0.01375256
0.00903609
0.006882156
0.008914595
0.01114538
0.02047944
0.01030238
0.08735175
0.1476987
0.1778312
0.1027544
0.1491439
0.1611591
0.9706969
0.09674032
0.03734572
0.04535294
0.008971342
0.01108546
0.009057248
0.01099811
0.01184175
0.01030238
0.008673063
0.008007379
0.01277515
0.01108613
0.009847526
0.0107223
0.005534335
0.009345506
0.008028409
0.007798465
0.009519959
0.009620752
0.01510193
0.009212877
0.01011831
0.01142718
0.01296832
0.01445316
0.008775971
0.01293659
0.009578493
0.01006085
0.01317641
0.01259773
0.03503364
0.1049984
0.1274577
0.1184409
0.02689186
0.1319546
0.09668339
0.9915954
0.0838989
0.01786335
0.00517116
0.01030238
0.01035913
0.01030238
0.0160074
0.009405443
0.005654227
0.007949885
0.008249805
0.01620436
0.009212877
0.00770345
0.008971342
0.01006085
0.01524995
0.008912099
0.008551421
0.009697673
0.01396419
0.01446732
0.009156128
0.01251705
0.01003227
0.008914595
0.01042659
0.01110822
0.009516805
0.0188748
0.01144863
0.008971342
0.08520709
0.06938188
0.08713459
0.08740957
0.04315188
0.1159976
0.08163577
0.08404065
0.9999582
0.01108546
0.008971342
0.01513204
0.01120781
0.008327967
0.0165667
0.008066623
0.008391582
0.008792954
0.01441974
0.007226033
0.008914595
0.01006085
0.01787614
0.007828827
0.008266261
0.02318298
0.009697673
0.009578493
0.006943132
0.01012016
0.009307711
0.008914595
0.006526035
0.007768342
0.008551421
0.01265351
0.007375172
0.00770345
0.01247669
0.008673772
0.01140944
0.01461646
0.04723654
0.05530017
0.007285277
0.04116622
0.02272229
0.01033148
0.01516122
0.951137
0.01088125
0.01177112
0.00906124
0.008251828
0.01006085
0.008309889
0.009458728
0.009156128
0.008792954
0.01694164
0.01006272
0.01436482
0.009156128
0.01467923
0.01144863
0.008673063
0.007461934
0.01006085
0.01141412
0.009334518
0.01205445
0.006195772
0.008486546
0.01102607
0.009334518
0.008971342
0.01084026
0.008971342
0.01506954
0.01199324
0.01091487
0.01501189
0.009014769
0.009334518
0.01342673
0.007946732
0.008914595
0.01171234
0.00875401
0.01144863
0.9990202
0.02270677
0.007526809
0.01605407
0.01291247
0.0167804
0.01277717
0.02255511
0.03777993
0.01045311
0.01835126
0.007665254
0.01006085
0.007526809
0.0172886
0.01006085
0.008490865
0.007461934
0.01144863
0.01006085
0.01246089
0.006558946
0.01626313
0.01006085
0.008914595
0.01193081
0.01152958
0.01030238
0.01108546
0.01006085
0.01398685
0.008066623
0.0107223
0.01144863
0.008011461
0.007906786
0.006315683
0.009156128
0.01411752
0.009995954
0.02120342
0.934428
0.005566627
0.06783996
0.01231559
0.008673063
0.03370992
0.04410391
0.09811256
0.01321519
0.01446732
0.01072591
0.008190707
0.01138939
0.008914595
0.01313844
0.01257573
0.008551421
0.01084708
0.0102542
0.008724817
0.008914595
0.01149275
0.01134684
0.007665254
0.0112287
0.01035913
0.0119758
0.01347107
0.01097637
0.01096628
0.01401496
0.007829883
0.01015074
0.01035913
0.008188265
0.009093695
0.007705909
0.006380558
0.009424413
0.01135695
0.004146547
0.9363204
0.016853
0.01034417
0.009880363
0.01104537
0.01144863
0.02233878
0.009697673
0.005291052
0.010081
0.008914595
0.01036276
0.009134661
0.01471044
0.007375172
0.009779369
0.01353964
0.00738547
0.0105455
0.01006085
0.008608187
0.008914595
0.01082721
0.008792954
0.01070441
0.008339847
0.009200666
0.009665947
0.01144863
0.01608724
0.01286636
0.01030238
0.009817237
0.0130785
0.009408596
0.01462654
0.0122201
0.0168832
0.02187833
0.04714033
0.01450809
0.999986
0.01401493
0.01224868
0.07134206
0.01317189
0.0127625
0.03918044
0.01144863
0.009610638
0.009697673
0.01144863
0.01108298
0.009578493
0.01024122
0.009697673
0.009093695
0.01119571
0.01798575
0.01289721
0.01014065
0.0138841
0.01192211
0.01122667
0.007465087
0.01202249
0.0120334
0.006800479
0.009073923
0.0106347
0.009334518
0.02007077
0.009779369
0.009416195
0.01030238
0.008608187
0.00373513
0.007375172
0.009697673
0.00709876
0.01534449
0.009939208
1
0.007003798
0.009939208
0.009076528
0.009156128
0.008732872
0.01027239
0.01518104
0.008673063
0.01381872
0.01030238
0.02287395
0.006315683
0.01025815
0.0139941
0.01144863
0.007285277
0.008245014
0.007461934
0.0100016
0.0144881
0.008402572
0.01374185
0.0106044
0.01452908
0.01030238
0.01684008
0.01338101
0.009632798
0.01144863
0.00589749
0.007163636
0.008391582
0.005908479
0.01345693
0.007825091
0.02127812
0.05981898
0.01250158
0.01006085
0.008914595
0.8968604
0.03311975
0.01277714
0.009648726
0.01501133
0.01006085
0.009156128
0.008914595
0.009939208
0.01160738
0.01387362
0.01813852
0.008673063
0.007526809
0.008971342
0.009939208
0.01555388
0.01497964
0.01208243
0.01027239
0.008429797
0.007526809
0.01958909
0.009969912
0.009697673
0.01207348
0.01006085
0.01057382
0.01539205
0.01108546
0.008673063
0.01030238
0.01428575
0.01108546
0.009264121
0.005952508
0.03612329
0.01332107
0.05745429
0.005534335
0.03315607
0.9764839
0.0214895
0.009334518
0.01529212
0.01311024
0.009034907
0.01328331
0.0107847
0.007526809
0.007906786
0.01242428
0.007768342
0.01761965
0.01301738
0.009697673
0.009212877
0.01006085
0.008914595
0.0101487
0.01458732
0.006558946
0.008914595
0.0131794
0.01006085
0.01030238
0.01144863
0.008282918
0.01035913
0.01044048
0.007906786
0.02653149
0.01133955
0.01006085
0.009939208
0.02783013
0.04621679
0.01589063
0.02027305
0.01226284
0.01144863
0.02419431
0.9238512
0.01847277
0.03948774
0.01169126
0.01084464
0.01006085
0.008069066
0.009216611
0.009275273
0.008492177
0.009576033
0.008372284
0.01573358
0.01006085
0.008011461
0.007798302
0.002758763
0.009695195
0.008673063
0.01114786
0.01144863
0.0101126
0.0121894
0.01025269
0.009584251
0
0.01350986
0.01372419
0.006168983
0.01321561
0.006519
0.01150795
0.009697673
0.03127749
0.1118153
0.007163636
0.07146505
0.009212877
0.05471424
0.04642661
0.02211349
0.9717194
0.05494804
0.01144863
0.008581381
0.008914595
0.008772726
0.007285277
0.006899196
0.009727633
0.009334518
0.01446732
0.02094145
0.004548209
0.009715733
0.01033467
0.01149929
0.008914595
0.01085681
0.00709876
0.01006085
0.01265468
0.01813145
0.01516122
0.01324721
0.006139025
0.01181048
0.007285277
0.0144944
0.01489029
0.01144863
0.01006085
0.01006085
0.01802641
0.01708435
0.01108546
0.04417371
0.009157714
0.01238564
0.02134732
0.03099463
0.04974763
0.9491625
0.01157818
0.008914595
0.01721436
0.01129556
0.01088657
0.01006085
0.01006085
0.008250662
0.008849702
0.01224543
0.02631263
0.007825091
0.01030238
0.02190796
0.01056465
0.009876773
0.01095277
0.0107223
0.01396394
0.009579659
0.01253719
0.006199399
0.0164579
0.009995954
0.01587366
0.0107223
0.008608187
0.008673063
0.01108531
0.008914595
0.01242428
0.01187242
0.01286552
0.01277905
0.01144863
0.009125276
0.01292397
0.01426308
0.01108861
0.01030238
0.8770441
0.215938
0.1188982
0.062431
0.1424907
0.1192803
0.06935515
0.01235406
0.05059258
0.009235636
0.01346126
0.01270332
0.009334518
0.01456425
0.009640033
0.01036248
0.01138939
0.009697673
0.01142004
0.01044902
0.009212877
0.01325902
0.009995954
0.01144863
0.008673063
0.01246956
0.006558946
0.009156128
0.01006085
0.01070441
0.009959945
0.01030238
0.01146467
0.01144918
0.0139126
0.01517222
0.0115483
0.01245477
0.01276633
0.01226482
0.2466634
0.9487144
0.1234196
0.01214371
0.01144863
0.1183797
0.04217285
0.0417438
0.06858078
0.07711055
0.008633536
0.01018116
0.01231266
0.03007019
0.01239339
0.007583558
0.008673063
0.008971342
0.02007966
0.01453887
0.008028409
0.01135695
0.009156128
0.01006085
0.01868201
0.01144863
0.01030238
0.008673063
0.009156128
0.008534109
0.01006085
0.009536524
0.006139025
0.01054732
0.01170704
0.01015074
0.009787587
0.005144365
0.01005954
0.01006085
0.1198247
0.1246726
0.9693832
0.05349389
0.1237457
0.1054456
0.03211484
0.1083921
0.06798171
0.08167448
0.01263609
0.01120781
0.01138939
0.01321973
0.01438472
0.009697673
0.008914595
0.02646081
0.007220402
0.009006059
0.01006085
0.01160796
0.01241502
0.01392445
0.01030238
0.01093703
0.009416195
0.01207289
0.009850441
0.008551421
0.01217247
0.01221325
0.008914595
0.007526809
0.01006085
0.008353698
0.01006085
0.009173933
0.01030238
0.008088019
0.02265295
0.02526074
0.05233381
0.980366
0.1355692
0.1112254
0.01200898
0.08193203
0.05708122
0.049229
0.01030238
0.009697673
0.01268393
0.008914595
0.01546351
0.009942686
0.009741847
0.01223239
0.01782823
0.008608187
0.01238564
0.01006085
0.006139025
0.01185185
0.008884599
0.008551421
0.009334518
0.01474962
0.009697673
0.01332608
0.01283509
0.009066178
0.01146553
0.01752317
0.01035913
0.008914595
0.0106044
0.009700825
0.0109533
0.01049176
0.1566285
0.0867298
0.137958
0.1362759
0.9968768
0.1784375
0.04669926
0.09848532
0.1069605
0.01299516
0.01803962
0.01048146
0.01144863
0.01208328
0.01192959
0.007827551
0.01478498
0.009377944
0.01312745
0.01116229
0.01173064
0.009116601
0.00709876
0.009697673
0.01011947
0.009156128
0.009909211
0.008673063
0.01093617
0.008391582
0.008982331
0.01970541
0.01006085
0.009275273
0.008395409
0.008066623
0.01197055
0.006359108
0.01006085
0.01394256
0.1178684
0.08677795
0.1063097
0.1139865
0.0938982
0.9296026
0.0608898
0.08956636
0.05824067
0.04606579
0.005654227
0.01030238
0.006099079
0.01234437
0.008309889
0.02881028
0.007726594
0.01232161
0.009212877
0.01006085
0.01064649
0.01069347
0.007163636
0.005857546
0.009504997
0.009632798
0.01180931
0.01144863
0.008790475
0.009960236
0.008914595
0.006241604
0.005747039
0.009939208
0.01205185
0.01956461
0.01602699
0.006139025
0.007765846
0.009334518
0.0475109
0.05006969
0.02870221
0.04296513
0.04662577
0.06655361
0.890986
0.0773252
0.04550071
0.009364458
0.008690703
0.00899496
0.01022169
0.01238707
0.009334518
0.01150853
0.0106955
0.007768889
0.007946732
0.01482131
0.008486546
0.008551421
0.0104331
0.0121746
0.009939208
0.01126689
0.01059122
0.01184175
0.01165281
0.009697673
0.009368796
0.01006085
0.011147
0.009939208
0.01177228
0.008245014
0.01145164
0.0107223
0.006437306
0.01030238
0.008522609
0.0107223
0.1042365
0.07218673
0.08493358
0.09133475
0.05316918
0.844431
0.08162832
0.07281517
0.008574182
0.009877941
0.0125032
0.009156128
0.01006085
0.01399672
0.01138853
0.011297
0.008673063
0.01184651
0.006602172
0.008914595
0.008580196
0.01123939
0.01218346
0.009334518
0.006922121
0.01396419
0.006074148
0.02135818
0.007526809
0.01263518
0.009632798
0.009697673
0.0158794
0.007709098
0.006558946
0.01181164
0.01452883
0.0125032
0.008971342
0.06858078
0.0114473
0.05708122
0.1022797
0.05836574
0.08041723
0.07985748
0.9771144
0.070178
0.01117535
0.01102622
0.01087505
0.02123657
0.01026286
0.009821301
0.009939208
0.009697673
0.006938923
0.008971342
0.01006085
0.01460414
0.0114215
0.009999691
0.01451582
0.01030238
0.01030539
0.0107223
0.009632798
0.01006085
0.01387685
0.009332022
0.01042153
0.0107223
0.01579253
0.01361742
0.01158926
0.01024122
0.008309889
0.01618887
0.05225165
0.07099603
0.05852269
0.03344407
0.04209974
0.06326344
0.0419996
0.08676798
0.01504238
0.919867
0.01753017
0.008069066
0.01114797
0.009697673
0.009939208
0.007526809
0.01184175
0.01144863
0.01649468
0.01792286
0.01350013
0.01661845
0.007950776
0.008971342
0.01624258
0.009850441
0.01191058
0.009933667
0.007526809
0.01193339
0.009576033
0.01085492
0.01018245
0.01846127
0.01006085
0.008914595
0.00708225
0.01620188
0.01571344
0.0133823
0.01520497
0.01001959
0.0107847
0.0130155
0.01513149
0.01315948
0.01006085
0.01121809
0.01111542
0.01892275
0.9745917
0.02866668
0.02932367
0.02717323
0.02894511
0.0135249
0.07236212
0.05259941
0.02885602
0.1315473
0.01023995
0.01241314
0.00517116
0.01030238
0.009195563
0.01108546
0.01144863
0.01251705
0.01030238
0.007946732
0.007768342
0.01112725
0.01144863
0.009103973
0.009697673
0.011297
0.0128374
0.01006085
0.01101559
0.01301668
0.01144887
0.01006085
0.0107223
0.009830304
0.01641375
0.01036276
0.01117535
0.01459864
0.005775867
0.01003648
0.02866668
0.985213
0.01757893
0.06148281
0.01276653
0.03365324
0.04305031
0.008899471
0.03055429
0.02437705
0.01718334
0.01036392
0.008608187
0.01086585
0.01695301
0.01265714
0.01858089
0.01138975
0.008290844
0.009156128
0.01013292
0.009187254
0.008328804
0.01066259
0.006800479
0.01916282
0.005738109
0.01184175
0.01132958
0.007526809
0.013799
0.008912536
0.01119571
0.008673063
0.001520831
0.01134917
0.006782001
0.009576033
0.01619676
0.01572428
0.01869091
0.03774315
0.9073739
0.06363565
0.0177065
0.03108689
0.02413346
0.00994081
0.02098458
0.01390191
0.01135695
0.02314134
0.01143034
0.01285136
0.01185008
0.01176565
0.01026007
0.009212877
0.00903374
0.01211557
0.01006085
0.0125032
0.01056609
0.008972053
0.008773254
0.01030238
0.01148092
0.01004179
0.01354719
0.007526809
0.01144863
0.02660665
0.01254929
0.008309889
0.01108546
0.009787587
0.01936716
0.009473471
0.01737585
0.007526809
0.08823525
0.009156128
0.02756421
0.8574072
0.05549549
0.07194779
0.09752699
0.1028956
0.08312219
0.06382376
0.01030238
0.01242765
0.009216502
0.01140852
0.009076857
0.01123502
0.01195535
0.01144863
0.007405169
0.01082488
0.008855352
0.01006085
0.01395771
0.008245014
0.01252748
0.008551421
0.008914595
0.007012017
0.01140063
0.01175326
0.01605498
0.01461887
0.01052615
0.01160036
0.01192959
0.01368233
0.01114771
0.01114786
0.01688577
0.01370737
0.03113518
0.01057542
0.01664163
0.01307954
0.999986
0.009939208
0.01042153
0.06358463
0.01819554
0.03418545
0.01129856
0.01144863
0.008391582
0.008914595
0.01268216
0.003363461
0.009697673
0.007220402
0.01064447
0.007285277
0.007583558
0.007919087
0.01123936
0.01378712
0.01973761
0.01205387
0.01612613
0.01030238
0.01209219
0.01006085
0.008884599
0.01337997
0.009632798
0.01024385
0.01514239
0.009487267
0.008794557
0.009939208
0.009899115
0.01029988
0.01455718
0.02586548
0.01402182
0.06900318
0.08296996
0.8952698
0.0664927
0.05536623
0.05557679
0.06289679
0.01217493
0.01184175
0.01188071
0.008852162
0.0110818
0.008673063
0.01256704
0.009632798
0.008914595
0.01006085
0.01356025
0.01304912
0.01006085
0.01286867
0.005545324
0.008245014
0.01195845
0.005710975
0.008914595
0.007583558
0.008310599
0.007285277
0.009820026
0.01096134
0.01006081
0.008245014
0.01305745
0.01582909
0.01177387
0.01083633
0.06750958
0.04207759
0.008429797
0.04839013
0.06957612
0.05128029
0.9540452
0.02047797
0.02643619
0.1088541
0.0114682
0.01096628
0.007998486
0.006800479
0.008673063
0.01032436
0.01599552
0.01078587
0.009697673
0.01113721
0.009212877
0.008914595
0.008673063
0.01523734
0.007346636
0.01388798
0.01630568
0.01309811
0.007302079
0.01209452
0.01260587
0.01466261
0.01208243
0.009396913
0.01974125
0.01510066
0.006139025
0.01144863
0.0107223
0.007491875
0.01933746
0.01277876
0.01412272
0.02859253
0.06638037
0.05718898
0.0228682
0.9520993
0.02740285
0.07172597
0.01484806
0.01479028
0.01120969
0.01144863
0.02350216
0.01569988
0.01126585
0.0116289
0.01735047
0.01035913
0.01144863
0.009821192
0.007583558
0.01268478
0.01386608
0.0140737
0.01144863
0.008914595
0.01283638
0.01100706
0.01410459
0.0133468
0.01730546
0.01108772
0.009579786
0.01223486
0.006984517
0.01099378
0.0104436
0.01006085
0.06287195
0.03870967
0.01513177
0.06771169
0.007461934
0.06617773
0.06508797
0.01438351
1
0.09355529
0.009939208
0.01193328
0.01014271
0.01144863
0.01538147
0.008095417
0.01977735
0.006074148
0.006384038
0.005616012
0.01006085
0.01087214
0.01144863
0.008551421
0.01059122
0.01147857
0.007263827
0.01485114
0.01144863
0.006751513
0.01066306
0.01216009
0.009213167
0.00903609
0.01733256
0.01293581
0.01453834
0.01147857
0.008608187
0.01144863
0.0714284
0.03379518
0.01625847
0.04012029
0.02158045
0.0460167
0.1394877
0.04625617
0.06875536
0.9950575
