66.86591
41.39212
47.85678
18.86493
35.97837
39.30528
40.65986
44.60655
28.95162
12.14405
12.56791
12.05492
11.65635
14.94685
10.56298
12.01931
15.20911
14.87047
16.57583
12.61717
26.50768
123.9379
30.55634
50.80747
39.82278
55.23925
67.57705
38.09213
14.77939
13.44546
11.72309
10.64269
11.66238
14.02479
7.915402
12.68392
11.9316
11.42592
15.83661
11.09409
43.63706
61.77773
105.5609
64.68584
58.06608
52.12391
53.54184
46.66024
33.77659
12.20431
14.56577
13.67666
12.63314
12.72963
10.94034
11.85563
11.82003
13.61177
12.65141
13.44546
13.11121
54.4028
86.94539
138.7465
20.16542
57.23531
72.71587
55.37559
33.45443
11.92238
13.01566
9.141303
11.92238
12.47418
12.05492
11.77807
13.77592
12.41788
25.13156
14.60476
41.11086
93.98006
48.72811
21.02611
224.7641
108.1049
15.2277
33.26103
20.62006
14.31278
8.610193
11.66691
11.51726
14.0926
9.471763
9.917526
11.85563
11.78449
13.49605
13.44546
40.24537
103.9578
49.59269
74.2398
118.0121
156.4141
52.57103
43.9662
37.48122
10.62878
11.42592
13.44546
11.09409
11.85563
12.68429
11.92238
12.71782
12.48463
11.29941
12.48463
38.45744
60.52402
73.50326
60.89242
30.78398
17.60307
114.9234
59.69332
18.96126
26.52693
12.41788
13.31416
10.93963
14.18499
12.65141
11.16084
13.62686
12.89964
12.01931
11.52381
12.25352
51.58696
45.05714
18.64746
31.41229
46.9297
39.69175
73.65579
28.43858
14.4719
10.66438
13.91709
11.85563
11.78983
12.18746
14.70385
12.10489
12.81646
12.93254
13.44546
12.71884
37.2477
45.97449
47.48239
35.74467
12.47456
40.75455
35.94199
120.1593
9.886804
12.08606
10.66438
10.3637
13.04689
12.97408
11.85563
12.8476
13.62274
13.54485
15.43241
16.18774
13.48038
19.23454
23.70687
19.73266
14.19153
14.87047
17.85254
19.04851
50.22934
12.48463
8.809867
12.68392
14.01
10.89481
9.637765
12.41788
12.05492
13.24617
11.29338
13.63906
12.44342
12.16965
12.09526
11.68538
10.92014
11.69694
11.27715
9.712775
11.78889
23.96009
13.63597
12.64831
16.67878
12.68392
19.72778
12.18808
11.65635
15.08524
12.68392
12.25352
11.9573
12.71385
12.22414
12.83752
12.50996
10.59851
13.64579
12.68392
14.53116
12.68392
128.1762
12.18746
22.10738
13.59374
11.92238
38.10241
18.95547
19.48747
20.06334
12.85138
12.71884
12.55939
12.09526
11.91065
13.80482
11.45706
12.10543
12.86717
12.48463
12.01931
13.93444
27.57176
11.65635
12.01931
9.571017
13.32063
10.69552
15.58708
16.36118
11.3283
12.50451
13.17785
12.18053
12.738
11.61461
12.89429
12.89811
11.82003
14.9965
10.53184
36.52163
13.44546
76.93476
13.78585
11.92238
37.93353
11.85563
13.44546
20.82102
10.43423
15.33875
10.69282
11.26698
14.02954
13.01947
12.60071
11.44083
12.62644
13.24617
11.67278
14.62657
11.36345
13.08262
49.41593
9.911233
13.0276
11.45706
13.44546
15.88769
12.95156
14.64007
10.69431
12.66123
13.61433
12.93606
13.71116
13.67149
11.63313
11.93872
12.1381
12.05492
14.37331
19.24863
12.05492
18.36722
12.23504
17.11097
11.67503
16.47618
12.65209
13.39812
12.11599
13.44926
12.66938
15.6708
11.13626
11.90615
13.24617
13.44546
11.6008
22.23994
13.04249
29.3604
12.89917
12.05492
133.3664
20.04344
28.8204
24.9994
12.45281
12.67347
13.2761
12.05966
12.24113
8.273447
11.96131
12.59464
14.17447
13.13136
12.68392
29.50578
13.56154
15.30186
12.68392
15.70852
15.43317
97.34143
24.22833
10.96156
12.88252
13.03515
11.88557
16.66087
13.04712
11.45125
13.04862
12.13657
13.91959
12.42
12.81646
28.69618
12.50236
14.36135
12.93859
11.68749
15.01296
14.80302
87.45551
26.52888
11.69127
13.19533
10.17274
12.85314
13.05131
15.84795
10.66438
12.97541
11.13884
12.85062
13.36398
14.95272
9.175076
37.0616
11.5091
10.56298
37.81894
21.66834
28.9163
117.098
