0.2718509
0.1543782
0.1841901
0.05049386
0.1294127
0.1447547
0.1510014
0.1692016
0.09700873
0.01950045
0.02145509
0.01908943
0.01725142
0.03242559
0.01220933
0.01892521
0.03363501
0.03207337
0.03993766
0.02168225
0.08573849
0.5350389
0.1044089
0.1977972
0.1471412
0.2182344
0.2751303
0.1391603
0.03165335
0.02550192
0.01755919
0.01257692
0.01727923
0.0281735
0
0.02199007
0.01852074
0.01618879
0.03652873
0.01465855
0.1647308
0.2483867
0.4502932
0.2617975
0.2312704
0.203868
0.2104068
0.1786722
0.1192591
0.01977834
0.03066824
0.0265681
0.0217559
0.02220086
0.01394953
0.0181704
0.01800623
0.02626886
0.02184015
0.02550192
0.02396052
0.2143771
0.3644476
0.603329
0.05649109
0.2274393
0.298828
0.2188631
0.1177735
0.01847822
0.02351989
0.005653256
0.01847822
0.02102285
0.01908943
0.01781274
0.02702584
0.02076322
0.07939249
0.03084804
0.1530812
0.396888
0.1882082
0.06046017
1
0.4620249
0.03372074
0.1168816
0.05858766
0.02950158
0.003204037
0.01730012
0.01661
0.02848621
0.007177174
0.009232817
0.0181704
0.01784234
0.02573522
0.02550192
0.14909
0.4429005
0.1921952
0.3058556
0.5077121
0.6848032
0.2059299
0.1662486
0.1363431
0.01251277
0.01618879
0.02550192
0.01465855
0.0181704
0.02199178
0.01847822
0.0221464
0.02107104
0.01560539
0.02107104
0.1408449
0.2426052
0.3024591
0.2443041
0.1054587
0.04467478
0.4934685
0.2387744
0.05093809
0.08582725
0.02076322
0.02489643
0.01394626
0.02891227
0.02184015
0.01496637
0.02633845
0.02298487
0.01892521
0.01664021
0.02000528
0.2013918
0.1712795
0.049491
0.1083561
0.1799148
0.146537
0.3031625
0.09464285
0.03023536
0.01267694
0.02767685
0.0181704
0.01786697
0.01970064
0.031305
0.01931987
0.02260128
0.02313658
0.02550192
0.0221511
0.1352662
0.1755099
0.1824636
0.128335
0.0210246
0.1514381
0.1292449
0.5176139
0.009091139
0.01923303
0.01267694
0.01129035
0.02366391
0.02332815
0.0181704
0.02274488
0.02631945
0.02596026
0.03466476
0.03814797
0.02566295
0.05219832
0.07282251
0.05449541
0.02894243
0.03207337
0.04582521
0.05134044
0.1951312
0.02107104
0.004124834
0.02199007
0.0281053
0.01373957
0.007942694
0.02076322
0.01908943
0.02458289
0.01557758
0.02639471
0.020881
0.01961851
0.01927546
0.01738529
0.01385638
0.0174386
0.01550274
0.008288605
0.01786263
0.07399025
0.02638046
0.02182585
0.04041241
0.02199007
0.0544729
0.0197035
0.01725142
0.03306378
0.02199007
0.02000528
0.01863926
0.02212809
0.01986979
0.0226984
0.02118785
0.01237318
0.02642574
0.02199007
0.03050864
0.02199007
0.5545839
0.01970064
0.06544645
0.02618572
0.01847822
0.1392077
0.05091138
0.05336471
0.05602034
0.02276232
0.0221511
0.0214158
0.01927546
0.01842413
0.02715911
0.01633239
0.01932236
0.02283513
0.02107104
0.01892521
0.02775685
0.0906455
0.01725142
0.01892521
0.007634887
0.02492627
0.01282054
0.03537802
0.03894779
0.01573862
0.02116272
0.02426783
0.01966868
0.02223946
0.01705894
0.02296019
0.02297781
0.01800623
0.03265456
0.01206573
0.1319179
0.02550192
0.3182835
0.02707163
0.01847822
0.1384289
0.0181704
0.02550192
0.05951439
0.0116156
0.03423284
0.01280809
0.01545584
0.02819541
0.02353746
0.02160635
0.01625755
0.021725
0.02458289
0.01732719
0.03094862
0.01590071
0.02382868
0.1913801
0.009203795
0.02357496
0.01633239
0.02550192
0.03676429
0.02322429
0.03101088
0.01281496
0.02188544
0.02628067
0.02315282
0.0267272
0.02654426
0.01714434
0.01855357
0.01947301
0.01908943
0.02978071
0.0522633
0.01908943
0.04819867
0.01992005
0.04240546
0.01733756
0.03947811
0.02184329
0.02528361
0.01937105
0.02551944
0.02192302
0.0357641
0.01485302
0.01840338
0.02458289
0.02550192
0.01699525
0.06605776
0.02364362
0.09889383
0.0229827
0.01908943
0.5785186
0.05592857
0.09640361
0.07878303
0.02092431
0.02194188
0.02472091
0.01911129
0.01994814
0.001651129
0.01865775
0.02157835
0.02886376
0.02405345
0.02199007
0.09956425
0.02603722
0.03406273
0.02199007
0.03593804
0.03466827
0.412389
0.07522724
0.01404739
0.02290591
0.02360977
0.01830847
0.04032981
0.02366497
0.0163056
0.02367189
0.01946596
0.02768837
0.020773
0.02260128
0.09583078
0.02115281
0.02972556
0.02316448
0.01739503
0.03273046
0.03176232
0.3668
0.08583624
0.01741245
0.02434844
0.01040974
0.02277043
0.02368429
0.03658103
0.01267694
0.02333428
0.01486492
0.02275881
0.02512618
0.03245266
0.005808998
0.134408
0.01657237
0.01220933
0.1379005
0.06342182
0.09684586
0.5034966
