529.0003
56.63507
76.65319
55.11012
55.24397
98.79184
77.5706
54.57135
54.96129
12.80064
12.05492
12.0213
11.47414
12.01931
15.85649
12.05492
12.89822
13.76352
13.6335
12.45219
12.05492
15.00266
12.03799
14.2873
12.01931
13.44546
11.30982
16.25559
13.32172
10.04556
12.88965
12.2186
10.8445
13.23589
12.68392
9.773624
15.47418
13.09323
15.33935
15.52583
56.39708
555.9078
68.98952
61.18031
66.43294
111.8767
52.72469
29.99378
22.28493
12.5262
11.90046
14.07484
12.93363
11.85563
14.21339
11.88678
12.68392
11.45706
13.06916
12.45166
11.53303
12.6832
12.52946
12.25848
11.42592
12.8476
11.92238
11.92238
20.67472
12.08606
14.00833
13.20562
12.81646
11.97344
12.64831
13.01566
13.24481
13.5653
12.89202
11.97171
36.1412
69.46294
555.3547
164.0861
100.5773
123.1322
104.7039
69.54539
45.66467
20.31878
11.42592
12.68392
12.32977
11.4151
14.44012
14.06432
12.28535
11.88678
13.16297
11.42592
12.48463
12.8476
12.28535
16.90505
13.47386
11.85563
15.90872
12.48463
13.09795
11.12524
10.74035
14.21885
15.54345
14.55526
12.68392
11.96506
12.81646
14.9759
11.82003
12.72884
63.65364
71.0075
164.0491
553.7761
101.3559
73.84743
64.62859
76.35667
51.79721
21.40203
12.61717
13.76921
11.5896
12.83289
12.52946
13.44546
13.39665
13.31284
14.1083
12.05492
12.90844
13.44546
11.65635
22.57297
10.53184
13.60011
12.05492
14.32346
13.04689
11.63989
15.37972
11.85563
12.64831
12.05492
13.44608
12.05492
11.09409
11.47423
12.70185
12.81646
52.9741
61.70702
92.76737
101.351
555.3641
148.5625
94.23283
44.09011
16.61827
11.42592
9.008764
12.68392
10.29695
9.978808
11.51496
15.18947
12.48463
11.42592
13.56154
14.4456
11.92238
12.28535
16.31852
12.05492
13.50064
11.88678
12.8177
10.82806
13.10286
16.50485
11.90046
12.68392
14.14061
15.67072
14.54956
17.63701
13.44546
16.60315
19.99334
12.34969
91.61906
105.3304
94.28077
75.35335
149.001
555.9078
96.72646
79.10234
70.98019
30.13575
11.52381
10.93963
13.04689
15.12418
16.79737
13.45652
13.89225
12.64831
13.44546
10.93987
13.33472
11.52984
12.6665
13.84266
11.87207
11.82003
10.29695
14.32308
12.05492
18.32847
12.38576
15.32218
13.88573
14.70973
12.12159
10.93963
12.05492
13.27905
18.40107
12.81646
55.09689
88.21198
104.747
63.54903
89.005
95.59827
539.8279
60.24882
27.65635
32.05027
12.08606
13.24617
12.1332
13.19824
13.66118
12.81646
11.92238
11.55709
14.17338
13.24654
12.56686
13.04689
10.20002
12.29138
11.56863
11.44245
12.38711
12.44242
15.45019
12.2186
12.71545
13.43369
14.27938
15.09418
11.97885
14.26197
12.41923
12.68392
14.39357
14.07602
26.38761
64.78038
77.1048
72.1569
21.91985
79.57245
60.21758
551.2958
53.20216
16.9655
10.00073
12.81646
12.8476
12.81646
15.94706
12.32427
10.26581
11.52554
11.69012
16.05514
12.2186
11.39031
12.08606
12.68392
15.53141
12.05355
11.85563
12.48463
14.82586
15.10195
12.18746
14.03175
12.66824
12.05492
12.88462
13.25866
12.38538
17.52053
13.44546
12.08606
53.92002
45.23602
54.97773
55.12862
30.84245
70.81617
51.96028
53.27994
555.8848
13.24617
12.08606
15.46671
13.31331
11.73301
16.25397
11.5896
11.76792
11.98817
15.07584
11.12833
12.05492
12.68392
16.97252
11.45911
11.69915
19.88462
12.48463
12.41923
10.97309
12.71647
12.27064
12.05492
10.74421
11.42592
11.85563
14.10663
11.21017
11.39031
14.0096
11.92277
13.42395
15.18379
33.08388
37.50876
11.16084
29.75283
19.63182
12.83243
15.48272
529.0945
13.13411
13.62242
12.13539
11.69123
12.68392
11.72309
12.35351
12.18746
11.98817
16.45972
12.68495
15.0457
12.18746
15.21823
13.44546
11.92238
11.25778
12.68392
13.42652
12.28535
13.7779
10.56298
11.82003
13.21358
12.28535
12.08606
13.11162
12.08606
15.43241
13.74431
13.15256
15.40078
12.10989
12.28535
14.53093
11.52381
12.05492
13.59017
11.9668
13.44546
555.3701
19.6233
11.29338
15.97267
14.24873
16.37124
14.17449
19.54008
27.89462
12.89917
17.23324
11.36935
12.68392
11.29338
16.65011
12.68392
11.8224
11.25778
13.44546
12.68392
14.00093
10.76227
16.08739
12.68392
12.05492
13.71005
13.48988
12.81646
13.24617
12.68392
14.83829
11.5896
13.04689
13.44546
11.55933
11.50189
10.62878
12.18746
14.91
12.64831
18.79835
519.9255
10.21774
44.3899
13.9212
11.92238
25.66122
31.36487
61.00183
14.41485
15.10195
13.04887
11.65769
13.41295
12.05492
14.37273
14.06395
11.85563
13.11536
12.79002
11.95078
12.05492
13.46967
13.3896
11.36935
13.32477
12.8476
13.73474
14.55526
13.18631
13.18077
14.85372
11.45969
12.73325
12.8476
11.65635
12.1532
11.39166
10.66438
12.33468
13.39515
9.438478
520.9639
16.41108
12.83939
12.58488
13.22417
13.44546
19.42137
12.48463
10.06652
12.69498
12.05492
12.84959
12.17568
15.23536
11.21017
12.52946
14.59289
11.21582
12.94987
12.68392
11.88678
12.05492
13.10446
11.98817
13.03707
11.73953
12.2119
12.46722
13.44546
15.99087
14.22343
12.81646
12.55024
14.33984
12.326
15.18932
13.8688
16.42765
19.1687
33.03109
15.12432
555.9001
14.8537
13.88448
46.31166
14.39109
14.16644
28.66314
13.44546
12.43687
12.48463
13.44546
13.24481
12.41923
12.7829
12.48463
12.1532
13.30667
17.03267
14.24036
12.72771
14.78191
13.70528
13.32366
11.25951
13.76036
13.76635
10.89481
12.14235
12.99882
12.28535
18.17681
12.52946
12.33017
12.81646
11.88678
9.212716
11.21017
12.48463
11.05849
15.58329
12.61717
555.9078
11.00638
12.61717
12.14378
12.18746
11.9552
12.8
15.4936
11.92238
14.74603
12.81646
19.71504
10.62878
12.79219
14.84227
13.44546
11.16084
11.68749
11.25778
12.65141
15.11335
11.77395
14.70385
12.98219
15.13584
12.81646
16.40399
14.50584
12.44903
13.44546
10.3993
11.09409
11.76792
10.40533
14.5475
11.45706
18.83934
39.98843
14.02326
12.68392
12.05492
499.3105
25.33737
14.17447
12.45777
15.40047
12.68392
12.18746
12.05492
12.61717
13.53257
14.77616
17.1165
11.92238
11.29338
12.08606
12.61717
15.69819
15.38308
13.79325
12.8
11.78889
11.29338
17.91249
12.63402
12.48463
13.78834
12.68392
12.96541
15.60939
13.24617
11.92238
12.81646
15.00231
13.24617
12.24672
10.42949
26.98555
14.47295
38.69082
10.20002
25.3573
543.0035
18.95533
12.28535
15.55455
14.35726
12.12094
14.45223
13.08113
11.29338
11.50189
13.98084
11.42592
16.83177
14.3063
12.48463
12.2186
12.68392
12.05492
12.73213
15.1678
10.76227
12.05492
14.39521
12.68392
12.81646
13.44546
11.70829
12.8476
12.89224
11.50189
21.7221
13.3856
12.68392
12.61717
22.43472
32.5243
15.88298
18.28781
13.89225
13.44546
20.43958
514.1215
17.29992
28.83177
13.5786
13.11402
12.68392
11.59094
12.22065
12.25284
11.82312
12.41788
11.75733
15.7968
12.68392
11.55933
11.44236
8.67694
12.48327
11.92238
13.28041
13.44546
12.71232
13.85195
12.78919
12.42239
7.163083
14.57655
14.69416
10.54828
14.41508
10.74035
13.47801
12.48463
24.32644
68.52115
11.09409
46.37915
12.2186
37.18723
32.63944
19.29774
540.389
37.31553
13.44546
11.87207
12.05492
11.97707
11.16084
10.94898
12.50107
12.28535
15.10195
18.65459
9.658889
12.49454
12.83418
13.47326
12.05492
13.1207
11.05849
12.68392
14.10727
17.11262
15.48272
14.43242
10.53184
13.64402
11.16084
15.11681
15.33405
13.44546
12.68392
12.68392
17.05498
16.53803
13.24617
31.40317
12.18833
13.95964
18.87731
24.17122
34.46183
528.011
13.51655
12.05492
16.60937
13.36146
13.13703
12.68392
12.68392
11.69059
12.01931
13.8827
21.602
11.45706
12.81646
19.18496
12.96038
12.58291
13.17336
13.04689
14.82572
12.41987
14.0428
10.56497
16.19427
12.64831
15.87367
13.04689
11.88678
11.92238
13.24609
12.05492
13.98084
13.67801
14.22297
14.17552
13.44546
12.17053
14.25504
14.98987
13.2479
12.81646
488.4364
125.6579
72.40782
41.42176
85.35412
72.61752
45.22135
13.94231
34.92549
12.23109
14.54988
14.13396
12.28535
15.15514
12.453
12.84944
13.41295
12.48463
13.42977
12.89693
12.2186
14.4389
12.64831
13.44546
11.92238
14.00569
10.76227
12.18746
12.68392
13.03707
12.62855
12.81646
13.45426
13.44576
14.79755
15.48876
13.50015
13.99757
14.16854
13.89334
142.5183
527.7651
74.88895
13.82688
13.44546
72.12333
30.30521
30.06977
44.79642
49.47709
11.90069
12.74994
13.91959
23.66394
13.96389
11.32452
11.92238
12.08606
18.18169
15.14121
11.56863
13.39515
12.18746
12.68392
17.41474
13.44546
12.81646
11.92238
12.18746
11.84613
12.68392
12.3962
10.53184
12.95087
13.58726
12.73325
12.53397
9.986026
12.6832
12.68392
72.91624
75.5765
539.107
36.51757
75.06789
65.02579
24.78593
66.64268
44.46768
51.98152
14.09707
13.31331
13.41295
14.41734
15.05662
12.48463
12.05492
21.68331
11.12524
12.10511
12.68392
13.53289
13.97576
14.80405
12.81646
13.16472
12.33017
13.78802
12.56846
11.85563
13.84266
13.86504
12.05492
11.29338
12.68392
11.74713
12.68392
12.19723
12.81646
11.60134
19.59377
21.02478
35.88098
545.1337
81.55596
68.19746
13.75295
52.12285
38.4861
34.17724
12.81646
12.48463
14.12332
12.05492
15.6486
12.61908
12.50887
13.87554
16.94623
11.88678
13.95964
12.68392
10.53184
13.66672
12.03846
11.85563
12.28535
15.25686
12.48463
14.4757
14.20627
12.1381
13.45473
16.77883
12.8476
12.05492
12.98219
12.48636
13.17365
12.92038
93.11214
54.7556
82.8668
81.94373
554.194
105.0797
32.78905
61.20638
65.85707
14.29411
17.06223
12.91473
13.44546
13.79372
13.70938
11.45841
15.27626
12.30918
14.3667
13.28833
13.60021
12.16577
11.05849
12.48463
12.71609
12.18746
12.60071
11.92238
13.16425
11.76792
12.09209
17.97632
12.68392
12.25284
11.77002
11.5896
13.73186
10.65261
12.68392
14.81399
71.84274
54.78202
65.49999
69.71259
58.68922
517.2776
40.57604
56.31215
39.12234
32.44144
10.26581
12.81646
10.50992
13.93699
11.72309
22.97257
11.40301
13.9245
12.2186
12.68392
13.00529
13.03107
11.09409
10.37738
12.3789
12.44903
13.64338
13.44546
11.98681
12.62871
12.05492
10.58813
10.31674
12.61717
13.77647
17.89906
15.95781
10.53184
11.42455
12.28535
33.23444
34.63856
22.91327
30.73997
32.74873
43.68402
496.0869
49.59487
32.13136
12.30178
11.93206
12.09902
12.77218
13.96042
12.28535
13.47833
13.03218
11.42622
11.52381
15.2962
11.82003
11.85563
12.88819
13.84383
12.61717
13.34573
12.97496
13.66118
13.5575
12.48463
12.30416
12.68392
13.27994
12.61717
13.62306
11.68749
13.44711
13.04689
10.69552
12.81646
11.83982
13.04689
64.36232
46.77517
53.76993
57.28254
36.33939
470.5401
51.95619
47.12002
11.86812
12.58355
14.02415
12.18746
12.68392
14.84371
13.41248
13.36225
11.92238
13.66379
10.78599
12.05492
11.87142
13.33064
13.84869
12.28535
10.96156
14.82586
10.49624
18.88327
11.29338
14.09657
12.44903
12.48463
15.87682
11.39341
10.76227
13.64466
15.1357
14.02415
12.08606
44.79642
13.44473
38.4861
63.2885
39.19097
51.29161
50.98445
543.3494
45.67289
13.2955
13.21366
13.13071
18.81654
12.79477
12.55247
12.61717
12.48463
10.97078
12.08606
12.68392
15.17703
13.43057
12.65036
15.12856
12.81646
12.81811
13.04689
12.44903
12.68392
14.77793
12.28398
12.88184
13.04689
15.82915
14.63557
13.52263
12.7829
11.72309
16.04664
35.8359
46.12178
39.2771
25.51534
30.26509
41.87856
30.21014
54.77655
15.41751
511.9352
16.78267
11.59094
13.28047
12.48463
12.61717
11.29338
13.66118
13.44546
16.21445
16.99816
14.57121
16.28237
11.52603
12.08606
16.07611
12.56846
13.69895
12.61413
11.29338
13.71147
12.41788
13.11966
12.75065
17.29361
12.68392
12.05492
11.04943
16.05378
15.78575
14.50655
15.50673
12.66128
13.08113
14.30527
15.46641
14.38428
12.68392
13.31895
13.26261
17.54684
541.9651
22.89377
23.25429
22.07425
23.04656
14.5848
46.87141
36.02673
22.99767
79.34895
12.7822
13.97473
10.00073
12.81646
12.2091
13.24617
13.44546
14.03175
12.81646
11.52381
11.42592
13.2691
13.44546
12.15884
12.48463
13.36225
14.20754
12.68392
13.20783
14.30592
13.44559
12.68392
13.04689
12.55741
16.17004
12.84959
13.2955
15.17401
10.33256
12.67055
22.89377
547.7935
16.80943
40.90145
14.16865
25.63012
30.78671
12.04662
23.92959
20.53986
16.59235
12.85023
11.88678
13.12566
16.46596
14.10862
17.35925
13.41315
11.71264
12.18746
12.72347
12.20454
11.73347
13.01412
10.89481
17.67858
10.31184
13.66118
13.38013
11.29338
14.73521
12.05379
13.30667
11.92238
7.997631
13.39088
10.88467
12.41788
16.05097
15.7917
17.41962
27.87444
505.0797
42.08281
16.87943
24.22185
20.40619
12.61805
18.67826
14.79168
13.39515
19.86177
13.43542
14.2152
13.66575
13.61942
12.79324
12.2186
12.1203
13.81144
12.68392
14.02415
12.96117
12.08645
11.97736
12.81646
13.46318
12.67346
14.59703
11.29338
13.44546
21.76334
14.04944
11.72309
13.24617
12.53397
17.79071
12.3616
16.69799
11.29338
55.58171
12.18746
22.2888
477.6607
37.61594
46.64405
60.6805
63.62647
52.77594
42.18603
12.81646
13.98269
12.22059
13.42345
12.14396
13.32824
13.72352
13.44546
11.22663
13.10318
12.02241
12.68392
14.8223
11.68749
14.03747
11.85563
12.05492
11.01089
13.41912
13.61262
15.97317
15.18511
12.93925
13.52872
13.70938
14.67119
13.28033
13.28041
16.42906
14.68493
24.24835
12.96629
16.29509
14.34041
555.9001
12.61717
12.88184
42.05481
17.14779
25.92217
13.36311
13.44546
11.76792
12.05492
14.12235
9.008764
12.48463
11.12524
13.00418
11.16084
11.32452
11.50864
13.33062
14.72869
17.99399
13.77758
16.01221
12.81646
13.79861
12.68392
12.03846
14.50527
12.44903
12.78434
15.47239
12.36917
11.98905
12.61717
12.59517
12.81509
15.15126
21.35663
14.85748
45.02821
52.69241
498.4376
43.6506
37.54501
37.66055
41.67736
13.84401
13.66118
13.68256
12.02066
13.24416
11.92238
14.05918
12.44903
12.05492
12.68392
14.6042
14.32372
12.68392
14.2247
10.20605
11.68749
13.72522
10.29695
12.05492
11.32452
11.72348
11.16084
12.55177
13.17806
12.6839
11.68749
14.32829
15.84921
13.62393
13.10946
44.20861
30.25294
11.78889
33.71691
45.34261
35.30287
530.6903
18.40026
21.6698
66.89617
13.4562
13.18077
11.55221
10.89481
11.92238
12.82852
15.94054
13.08177
12.48463
13.27457
12.2186
12.05492
11.92238
15.52449
11.19451
14.78404
16.11074
14.3506
11.17006
13.79989
14.08049
15.20911
13.79325
12.31959
17.99599
15.44949
10.53184
13.44546
13.04689
11.27421
17.77441
14.17536
14.91285
22.85308
43.58896
38.54523
19.71189
529.6225
22.20025
46.52233
15.31088
15.27917
13.31434
13.44546
20.05977
15.77831
13.34516
13.54438
16.68406
12.8476
13.44546
12.55241
11.32452
14.12379
14.77202
14.88595
13.44546
12.05492
14.20698
13.20315
14.9029
14.48707
16.65936
13.24741
12.41994
13.8769
10.9958
13.19586
12.89395
12.68392
41.66373
28.40481
15.46656
44.31951
11.25778
43.47776
42.87976
15.05596
555.9078
58.50105
12.61717
13.71141
12.72884
13.44546
15.60358
11.6054
18.0158
10.49624
10.66629
10.24484
12.68392
13.12911
13.44546
11.85563
12.97496
13.46189
11.14907
15.31257
13.44546
10.86794
13.01438
13.83587
12.21876
12.12159
16.67423
14.26154
15.14092
13.46189
11.88678
13.44546
46.35904
25.70801
16.08483
29.17888
19.00524
32.4145
83.70623
32.54591
44.89222
553.1956
