0.6221154
0.2086227
0.3682204
0.6281396
0.3470995
0.4327654
0.347863
0.2531349
0.05705333
0.05986166
0.1075347
0.1674928
0.05987398
0.04709179
0.08007269
0.1150248
0.03722965
0.06990588
0.08282404
0.06311951
0.04496501
0.08290612
0.07074242
0.07682575
0.09111357
0.06424917
0.100506
0.04403145
0.08021568
0.0982599
0.09920919
0.4585364
0.2860914
0.2374712
0.6075622
0.1258283
0.09179576
0.1213025
0.07046239
0.08935172
0.07302731
0.09360901
0.1054388
0.07088744
0.1006581
0.07518118
0.1444187
0.06631255
0.07297621
0.03370189
0.06626085
0.08846409
0.04363522
0.07725671
0.06538226
0.07877981
0.1440024
0.1020096
0.08331948
0.08316389
0.1047191
0.168345
0.3262328
0.1523228
0.08907168
0.1229816
0.2031082
0.07339768
0.06950437
0.07586119
0.08709037
0.05286829
0.08695579
0.06826038
0.1215733
0.07415276
0.07793813
0.04956108
0.04408596
0.08279818
0.09349266
0.07669835
0.083179
0.06715938
0.1142065
0.05862952
0.06268419
0.08305984
0.07024419
0.05736264
0.2956031
0.2795906
0.378395
1
0.1159521
0.4233543
0.4617088
0.08384576
0.1005275
0.09510267
0.1623854
0.1107407
0.02265084
0.06005106
0.06470412
0.07456425
0.08678976
0.0642526
0.1012388
0.05847174
0.0483079
0.05862952
0.05804561
0.0923247
0.07724333
0.1113536
0.08581773
0.03768008
0.09980945
0.1065335
0.06869821
0.1009816
0.1477054
0.0798618
0.2427439
0.130636
0.150867
0.04974439
0.1058598
0.09302028
0.08553768
0.08479226
0.07691438
0.08274835
0.08338146
0.1062362
0.08316389
0.07242797
0.06681953
0.05907606
0.09828435
0.06687342
0.06170404
0.1442175
0.1028226
0.08966245
0.06970123
0.02268247
0.07622471
0.05668995
0.2089847
0.1692104
0.1445684
0.09889971
0.1467981
0.1695415
0.06964689
0.08051237
0.07004607
0.2197943
0.06090131
0.07526186
0.06747618
0.0754701
0.06472936
0.1507458
0.05703619
0.0830273
0.0995883
0.08167335
0.09930576
0.05128882
0.04984299
0.0666535
0.06632564
0.07310939
0.01624106
0.05933772
0.1110472
0.07026334
0.05518213
0.2726731
0.08285067
0.3740157
0.4464816
0.2786675
0.3933885
0.119079
0.3118598
0.1366874
0.06245321
0.1355051
0.07281735
0.07088744
0.08833762
0.07385232
0.09699426
0.06872889
0.04930517
0.1827375
0.2457659
0.1054888
0.1158052
0.06150623
0.06592054
0.1801536
0.1056392
0.06343381
0.06215697
0.04801555
0.311474
0.2080304
0.3421121
0.3025558
0.05154114
0.3724176
0.07531513
0.4596349
0.2235368
0.2589594
0.07963768
0.07038249
0.04741248
0.06492357
0.03123635
0.07456067
0.03192321
0.06493043
0.05669619
0.113395
0.123958
0.06124832
0.07014389
0.0949301
0.0617933
0.09221908
0.0982831
0.08803438
0.1476087
0.0699358
0.05613891
0.1152025
0.03587664
0.07273246
0.1017051
0.02877034
0.08108243
0.07396569
0.2390801
0.0758763
0.08026551
0.08055786
0.05289944
0.06680256
0.07091189
0.07310019
0.0578478
0.1005941
0.07978906
0.06490644
0.0420844
0.06499989
0.05908525
0.1765037
0.07189669
0.0505705
0.0713399
0.06140204
0.08935093
0.0481794
0.05890006
0.06188705
0.0709896
0.04999344
0.07557679
0.03399922
0.1775423
0.07190137
0.06122029
0.1488667
0.1189586
0.09514207
0.08299567
0.06361605
0.07972007
0.1032248
0.05118027
0.07972989
0.07096297
0.05488278
0.06204218
0.06898306
0.06352727
0.08316389
0.05917449
0.068247
0.06810401
0.06650118
0.08996195
0.07326217
0.06951308
0.06984001
0.07202987
0.0551301
0.05860461
0.0820442
0.06266674
0.05796119
0.03956249
0.09537461
0.1504087
0.07218624
0.06934676
0.05739846
0.06785917
0.08446362
0.02917062
0.07057998
0.04925409
0.1723984
0.0709896
0.08290612
0.08336184
0.07370466
0.0644085
0.05862952
0.08421084
0.05944878
0.04025401
0.07267219
0.07980232
0.05933772
0.05857407
0.03761575
0.04503838
0.06492685
0.04927932
0.07215977
0.0418134
0.008991951
0.07302731
0.03741826
0.06029824
0.04865118
0.07785543
0.09814214
0.06405557
0.05098651
0.04413705
0.02344323
0.1231336
0.07118399
0.04777882
0.08316389
0.07559578
0.07440647
0.07145858
0.07007504
0.1054112
0.08316389
0.02197628
0.04345345
0.0668468
0.07288042
0.06847002
0.06133787
0.05803643
0.07628593
0.05918042
0.03950844
0.07972007
0.09293445
0.06127728
0.04714133
0.04933182
0.06112387
0.1645416
0.1079386
0.05599812
0.09819011
0.0678858
0.08721434
0.07150079
0.0444769
0.08667856
0.03648672
0.05334879
0.0991036
0.04733866
0.06407598
0.06542634
0.05567928
0.06994997
0.08493821
0.09032157
0.05409047
0.07093713
0.06210464
0.08287808
0.04516407
0.1508064
0.07814169
0.05012723
0.05592241
0.1417278
0.07869041
0.081022
0.07113462
0.08461346
0.09565762
0.1205676
0.07669835
0.06049401
0.08988905
0.05347588
0.08296499
0.0352404
0.05980825
0.1059999
0.07775605
0.1221253
0.07326311
0.06547992
0.07116622
0.09580603
0.1011215
0.08403967
0.06155016
0.0535793
0.09337258
0.311464
0.6562492
0.6585361
0.06467951
0.4083937
0.07094803
0.1341325
0.09771757
0.3532704
0.20156
0.2287574
0.0633561
0.07150079
0.04618626
0.07372024
0.07310939
0.0713399
0.08782427
0.1068922
0.1187468
0.05504055
0.07995603
0.08337867
0.04895396
0.08633995
0.07113462
0.06757259
0.08604606
0.04834887
0.0513695
0.07008143
0.2559029
0.07319894
0.08218562
0.04516407
0.1021429
0.0578123
0.05956309
0.1783481
0.1126919
0.1174455
0.08063526
0.06170404
0.1091154
0.07976882
0.04938741
0.0326529
0.07622004
0.05753335
0.07130298
0.05613891
0.05160531
0.04348991
0.07460911
0.04895396
0.05911172
0.06058591
0.06824294
0.07557803
0.1499919
0.04864511
0.03948258
0.08824464
0.06106672
0.06306905
0.07130298
0.06527744
0.05921296
0.1084639
0.08492792
0.06718881
0.1172012
0.06520984
0.04033345
0.08066969
0.07980232
0.06270257
0.0155879
0.0822015
0.064877
0.06520393
0.08287606
0.02767406
0.06541263
0.06495846
0.05341622
0.06114038
0.06281129
0.05364627
0.04413705
0.05623547
0.1994888
0.2104782
0.06109069
0.04792288
0.06816319
0.1199538
0.3109232
0.06978986
0.1175856
0.08074709
0.08232579
0.08025804
0.04209749
0.09484863
0.1080667
0.03579503
0.09809262
0.09484101
0.07130298
0.04993114
0.05160531
0.0709896
0.0830273
0.06081486
0.08383922
0.1190653
0.1351772
0.07653746
0.05910192
0.1136741
0.593263
0.2847756
0.08012144
0.135731
0.198169
0.1547942
0.04928758
0.1331096
0.09293445
0.06730407
0.06331263
0.05621865
0.07181742
0.0803018
0.10701
0.06768146
0.07116622
0.07693696
0.0807443
0.08296499
0.05933772
0.003952001
0.06343381
0.07738209
0.05730097
0.06007287
0.05175342
0.06480926
0.04615029
0.06399515
0.2876799
0.07824434
0.1012664
0.06336326
0.165489
0.06357057
0.07496952
0.09829634
0.2731005
0.05912855
0.1209689
0.06376837
0.06538538
0.09995836
0.0671829
0.09269008
0.09129564
0.0821392
0.05944192
0.07316825
0.0671234
0.03544022
0.07681952
0.05930517
0.09262326
0.08253761
0.05175342
0.02815912
0.09274366
0.1027279
0.08279818
0.09750419
0.08388703
0.08656081
0.08316389
0.104575
0.08436847
0.07302731
0.1384312
0.3131723
0.0633075
0.09317992
0.3983467
0.2249622
0.2436763
0.08327868
0.2132954
0.1419061
0.1311514
0.06696033
0.06188705
0.05912855
0.05561512
0.07116622
0.08902432
0.07477778
0.06277841
0.04935922
0.09717415
0.08654384
0.05752027
0.09313554
0.04245915
0.1207077
0.1258069
0.1027773
0.07139098
0.06855724
0.07093713
0.3864927
0.3350511
0.3271961
0.05944192
0.4723121
0.2218562
0.09820601
0.503982
0.469174
0.1426175
0.06075257
0.04919958
0.05912855
0.0830273
0.07992333
0.1186094
0.05907606
0.07467234
0.068247
0.05354129
0.07096297
0.08486126
0.07275691
0.05868481
0.03944957
0.1008703
0.06509522
0.07380933
0.06047376
0.03629342
0.2479884
0.05918415
0.1125161
0.07130298
0.1154765
0.3445002
0.1040772
0.2179301
0.3891566
0.1142783
0.08990213
0.03768008
0.0709896
0.06133787
0.06127728
0.07120781
0.06989748
0.08882418
0.05225729
0.07923009
0.08980994
0.1001756
0.07611366
0.09353442
0.06015324
0.07026334
0.09203609
0.05573053
0.07499583
0.04927932
0.2491323
0.143459
0.3541247
0.2956107
0.3677884
0.2899389
0.3012678
0.3751442
0.08252562
0.1163476
0.04944613
0.04667159
0.07694584
0
0.07695269
0.03810076
0.04666052
0.06465413
0.06791306
0.08282404
0.04724101
0.047215
0.1362987
0.0827013
0.06570871
0.08316389
0.08497854
0.1034576
0.03123635
0.05907606
0.1358367
0.06124832
0.4174783
0.4581211
0.3041479
0.2396469
0.3845271
0.1891794
0.1002602
0.3115567
0.06696033
0.04643718
0.07305393
0.07323055
0.02372206
0.0638872
0.06187723
0.05852065
0.09451845
0.07103835
0.08196399
0.05930049
0.05660803
0.07544735
0.07096297
0.04981012
0.03722965
0.06340221
0.05905082
0.0839797
0.0766429
0.05587351
0.377721
0.2736611
0.137219
0.4507523
0.2674119
0.633353
0.1900569
0.1982539
0.0470404
0.08885331
0.08521901
0.0515226
0.04500676
0.0944873
0.06114038
0.0705711
0.05323991
0.08299365
0.08954982
0.06772584
0.1204061
0.08218562
0.07660849
0.1865757
0.106901
0.1010081
0.1398823
0.08759657
0.2489283
0.1068905
0.3310815
0.3925201
0.2886287
0.2192719
0.2297625
0.3042054
0.3297127
0.1824681
0.1100764
0.04898652
0.06845662
0.04581838
0.05915907
0.04483466
0.09017205
0.02356129
0.06941793
0.07096297
0.05599812
0.1164938
0.08487076
0.06674384
0.06395528
0.0446205
0.07513711
0.03761575
0.04122123
0.07964454
0.2205033
0.3447517
0.4802611
0.5576659
0.5898407
0.07010463
0.279736
0.5911714
0.6518012
0.2858797
0.05924286
0.05017364
0.06325719
0.08100455
0.07178253
0.05927355
0.1639987
0.05007739
0.08163269
0.06357336
0.0482512
0.1039186
0.08237096
0.04867501
0.06111516
0.07140049
0.08589561
0.06078325
0.06724831
0.08302262
0.6575698
0.3324178
0.1723466
0.7843415
0.8586445
0.4457106
0.8310425
0.6271775
0.9409117
0.1275213
0.06806103
0.07326311
0.03795591
0.07888572
0.06241724
0.07009497
0.08133194
0.08266299
0.07101702
0.08516123
0.07375824
0.1133369
0.0866999
0.09403795
0.1129128
0.09210336
0.07420415
0.06182288
0.06366449
0.1152822
0.1454718
0.07310939
0.3438995
0.07582334
0.1018034
0.2428098
0.563475
0.3936006
0.4834832
0.3735292
