48.1039
21.55558
31.80256
48.49068
30.44649
35.94667
30.49551
24.41349
11.82406
12.00437
15.06522
18.91483
12.00516
11.18448
13.30202
15.54612
10.55128
12.64926
13.47867
12.21354
11.04793
13.48394
12.70297
13.09355
14.0109
12.28607
14.61394
10.98799
13.3112
14.46973
14.53068
37.6013
26.52946
23.4078
47.16951
16.23976
14.0547
15.94918
12.68499
13.89778
12.84967
14.17112
14.93065
12.71228
14.62371
12.98796
17.43336
12.41855
12.84639
10.32478
12.41523
13.84079
10.96255
13.12122
12.35882
13.21901
17.40663
14.71048
13.51048
13.50049
14.88444
18.96955
29.10674
17.94084
13.8798
16.05699
21.20152
12.87345
12.62348
13.03162
13.75259
11.55536
13.74395
12.54361
15.96657
12.92193
13.16497
11.34302
10.99149
13.47701
14.16365
13.08537
13.50146
12.47292
15.49358
11.92526
12.18559
13.49381
12.67098
11.84392
27.14016
26.11208
32.45582
72.366
15.60566
35.34243
37.80498
13.54427
14.61532
14.26702
18.58691
15.27106
9.615247
12.01653
12.31528
12.94835
13.73329
12.28629
14.66099
11.91513
11.26256
11.92526
11.88777
14.08866
13.12036
15.31041
13.67088
10.5802
14.56922
15.00094
12.57172
14.64448
17.64438
13.28848
23.74633
16.54844
17.84737
11.35479
14.95768
14.13332
13.6529
13.60504
13.09924
13.47381
13.51446
14.98185
13.50049
12.81119
12.4511
11.95393
14.4713
12.45456
12.12266
17.42044
14.76268
13.91773
12.63612
9.617278
13.05496
11.80073
21.57882
19.02511
17.44297
14.51081
17.58613
19.04637
12.63263
13.33025
12.65826
22.27285
12.07112
12.99314
12.49326
13.00651
12.3169
17.83959
11.82296
13.49172
14.55502
13.40479
14.53688
11.45395
11.36112
12.44044
12.41939
12.85494
9.203707
11.97073
15.29074
12.67221
11.70392
25.66794
13.48038
32.17465
36.82732
26.05281
33.41848
15.80642
28.18392
16.93697
12.17076
16.86106
12.83619
12.71228
13.83267
12.90264
14.38847
12.57369
11.32659
19.89362
23.94036
14.93386
15.59623
12.10996
12.39338
19.72772
14.94352
12.23372
12.15174
11.24379
28.15915
21.51755
30.12627
27.58656
11.47015
32.07204
12.99656
37.67183
22.51314
24.78745
13.27409
12.67986
11.20507
12.32937
10.16648
12.94812
10.21058
12.32981
11.80113
15.44148
16.11968
12.0934
12.66454
14.25594
12.12839
14.08188
14.47122
13.8132
17.63817
12.65118
11.76535
15.55753
10.46441
12.83074
14.69093
10.00815
13.36685
12.90992
23.5111
13.03259
13.3144
13.33317
11.55736
12.45001
12.71385
12.85435
11.87507
14.6196
13.28381
12.32827
10.86298
12.33427
11.95452
19.49338
12.77708
11.40783
12.74133
12.10327
13.89773
11.25431
11.94263
12.13441
12.71884
11.37078
13.01336
10.34387
19.56006
12.77738
12.0916
17.71894
15.79869
14.26955
13.48969
12.24542
13.27938
14.7885
11.44698
13.28001
12.71713
11.6847
12.14437
12.59001
12.23972
13.50049
11.96025
12.54275
12.53357
12.43066
13.93696
12.86475
12.62404
12.64503
12.78563
11.70058
11.92366
13.4286
12.18447
11.88235
10.70106
14.28448
17.81795
12.79567
12.61336
11.84622
12.51785
13.58394
10.03385
12.69254
11.32331
19.2298
12.71884
13.48394
13.5132
12.89316
12.2963
11.92526
13.56771
11.97786
10.74546
12.82687
13.28466
11.97073
11.9217
10.57607
11.05264
12.32958
11.32493
12.79397
10.84558
8.738277
12.84967
10.56339
12.0324
11.2846
13.15966
14.46217
12.27364
11.43454
10.99477
9.666122
16.06675
12.73132
11.22859
13.50049
13.01458
12.93822
12.74895
12.66012
14.92888
13.50049
9.571937
10.95088
12.45285
12.84024
12.55707
12.09915
11.88718
13.05889
11.96063
10.69759
13.27938
14.12781
12.09526
11.18766
11.3283
12.08541
18.72535
15.09115
11.75631
14.46525
12.51956
13.76055
12.75166
11.01659
13.72615
10.50358
11.58621
14.5239
11.20033
12.27495
12.36165
11.73584
12.65209
13.61441
13.96005
11.63383
12.71547
12.14838
13.48214
11.06071
17.84348
13.17804
11.37937
11.75145
17.26059
13.21327
13.36297
12.72815
13.59356
14.30265
15.902
13.08537
12.04497
13.93228
11.59437
13.48772
10.42356
12.00094
14.96668
13.15328
16.00201
12.86481
12.36509
12.73018
14.31218
14.65346
13.55672
12.11278
11.60101
14.15594
28.15851
50.29546
50.44229
12.3137
34.38189
12.71617
16.77293
14.43491
30.84269
21.10212
22.84833
12.22873
12.75166
11.12634
12.89416
12.85494
12.74133
13.79971
15.02397
15.78509
11.69483
13.29453
13.51428
11.30404
13.70441
12.72815
12.49945
13.68554
11.26519
11.45913
12.66053
24.59121
12.86069
13.43768
11.06071
14.71904
11.87279
11.9852
19.6118
15.39634
15.70154
13.33814
12.12266
15.16671
13.28251
11.33187
10.25743
13.05466
11.85488
12.73896
11.76535
11.47427
10.95322
12.95123
11.30404
11.95622
12.05087
12.54249
13.01344
17.79119
11.28421
10.69593
13.8267
12.08174
12.2103
12.73896
12.35209
11.96272
15.12488
13.61375
12.47481
15.68586
12.34775
10.75056
13.34035
13.28466
12.18677
9.161771
13.4387
12.32638
12.34737
13.48201
9.937763
12.36077
12.33161
11.59054
12.08647
12.19375
11.60531
10.99477
11.77155
20.96914
21.67471
12.08328
11.23784
12.53737
15.86259
28.12379
12.64181
15.71054
13.34532
13.44668
13.31392
10.86382
14.25071
15.09938
10.45917
14.45899
14.25022
12.73896
11.36678
11.47427
12.71884
13.49172
12.06557
13.54385
15.80554
16.84001
13.07504
11.95559
15.4594
46.25143
26.44498
13.30515
16.87556
20.8844
18.09952
11.32546
16.70726
14.12781
12.48221
12.22594
11.77047
12.77199
13.31673
15.03153
12.50644
12.73018
13.10069
13.34514
13.48772
11.97073
8.414687
12.23372
13.12927
11.83996
12.01793
11.48378
12.32203
11.12403
12.26976
26.63145
13.18463
14.66276
12.22919
18.78618
12.2425
12.97437
14.47207
25.69538
11.9573
15.92776
12.2552
12.35902
14.57878
12.47443
14.11212
14.02259
13.4347
11.97742
12.85872
12.47061
10.43639
13.09315
11.96864
14.10783
13.46028
11.48378
9.968906
14.11556
14.7566
13.47701
14.42121
13.54692
13.71859
13.50049
14.87519
13.57783
12.84967
17.04893
28.26819
12.22561
14.14357
33.73682
22.60466
23.8062
13.50786
21.85559
17.27204
16.58153
12.46014
12.13441
11.9573
11.73172
12.73018
13.87676
12.96206
12.19164
11.33006
14.40002
13.7175
11.85404
14.14072
10.88704
15.91099
16.23839
14.75977
12.74461
12.56267
12.71547
32.97573
29.67292
29.16859
11.97742
38.48577
22.40524
14.46627
40.51914
38.28429
17.31771
12.06157
11.31981
11.9573
13.49172
13.29243
15.77627
11.95393
12.95529
12.54275
11.59857
12.71713
13.60947
12.83231
11.92881
10.69381
14.63733
12.34039
12.89988
12.04367
10.49117
24.08306
11.96087
15.38505
12.73896
15.57512
30.2796
14.84323
22.15316
33.14677
15.49819
13.93312
10.5802
12.71884
12.09915
12.09526
12.73285
12.64872
13.86391
11.51613
13.24792
13.9272
14.59273
13.04783
14.16633
12.02309
12.67221
14.07013
11.73913
12.97606
11.32493
24.1565
17.37174
30.89754
27.14065
31.77482
26.77649
27.50386
32.2471
13.45951
15.63105
11.33564
11.1575
13.10126
8.160949
13.1017
10.60721
11.15679
12.31207
12.52131
13.47867
11.19406
11.19239
16.91201
13.47079
12.37978
13.50049
13.617
14.80345
10.16648
11.95393
16.88235
12.0934
34.96516
37.57464
27.68878
23.54749
32.84953
20.30722
14.59816
28.16446
12.46014
11.14245
12.85138
12.86272
9.684025
12.26283
12.13378
11.91827
14.22951
12.72197
13.42345
11.96834
11.79547
13.00505
12.71713
11.35901
10.55128
12.23169
11.95231
13.55287
13.08181
11.74831
32.41254
25.73137
16.9711
37.10152
25.33014
48.82541
20.36356
20.88985
11.18118
13.86578
13.63244
11.46896
11.05061
14.22751
12.08647
12.69197
11.57922
13.48956
13.9105
12.50929
15.89163
13.43768
13.0796
20.14005
15.02453
14.64618
17.1421
13.78509
24.1434
15.02386
29.41805
33.36272
26.69237
22.23931
22.91286
27.69247
29.33017
19.87632
15.22841
11.30613
12.55621
11.10272
11.95926
11.03956
13.95045
9.673702
12.61793
12.71713
11.75631
15.64044
13.61008
12.44624
12.2672
11.02581
12.98513
10.57607
10.80756
13.27453
22.31837
30.29575
38.99614
43.96592
46.0317
12.66202
26.12141
46.11714
50.00988
26.51587
11.96464
11.38235
12.22238
13.36185
12.76975
11.96661
18.69049
11.37617
13.40218
12.24268
11.25892
14.83305
13.44958
11.28613
12.08485
12.74522
13.67588
12.06354
12.47863
13.49142
50.38025
29.50385
19.22647
58.51963
63.29026
36.77782
61.51807
48.42891
68.57223
16.34846
12.53081
12.86481
10.59791
13.22581
12.16845
12.6614
13.38287
13.46833
12.7206
13.62873
12.8966
15.43775
13.72752
14.19866
15.41052
14.07445
12.92523
12.13029
12.24853
15.56265
17.50097
12.85494
30.24103
13.02919
14.69724
23.75056
44.33889
33.43209
39.20301
32.14341
