0.976024
0.08813304
0.1246939
0.08534788
0.08056051
0.03736073
0.08607982
0.02333582
0.08509189
0.006652894
0.008103138
0.009934132
0.01406365
0.0064702
0.003930531
0.009762269
0.005199489
0.007441893
0.005109357
0.01003933
0.007133124
0.01025112
0.00671227
0.008203919
0.005622919
0.01162084
0.006769142
0.00386551
0.006862416
0.0064702
0.08769837
1
0.1106075
0.09643441
0.1061947
0.1890258
0.06987023
0.02879044
0.02539626
0.007573011
0.005620343
0.006047299
0.00671227
0.006348288
0.01065448
0.006430165
0.007861068
0.008141492
0.008887957
0.007739158
0.0115819
0.008103138
0.008390119
0.00368846
0.009251939
0.004351385
0.009251939
0.01268552
0.02245539
0.01217055
0.05070323
0.1115483
0.9989758
0.2854589
0.1542348
0.2114926
0.01524365
0.1171518
0.08500859
0.04369004
0.005563469
0.006226394
0.0064702
0.005543708
0.007981647
0.00368846
0.0041726
0.00507933
0.0046561
0.01103793
0.01183997
0.009617327
0.008523994
0.0155705
0.005965805
0.01486964
0.007861068
0.008828581
0.003808618
0.009251939
0.1009517
0.1143827
0.2865189
0.9562701
0.1698107
0.0671216
0.1006457
0.1228084
0.07929721
0.03538753
0.007739158
0.005986846
0.007432068
0.008133146
0.01738687
0.007432068
0.009162793
0.008523994
0.009737209
0.009706017
0.006742294
0.008909601
0.00927097
0.02588188
0.003930531
0.003054721
0.006041199
0.008103138
0.006106218
0.007861068
0.08144667
0.1039514
0.1541656
0.07793601
0.9999682
0.2550075
0.07852086
0.06519039
0.08947461
0.08364122
0.01018771
0.007861068
0.005565077
0.002920479
0.01126026
0.008464619
0.00701366
0.007509671
0.002539666
0.01327995
0.006752412
0.01241784
0.01102697
0.0080724
0.009160802
0.005321399
0.006769142
0.002597254
0.01089837
0.005620343
0.1520275
0.1886525
0.1568408
0.1213268
0.254811
1
0.1631328
0.1282747
0.1133347
0.03977536
0.003987404
0.006811881
0.01003425
0.008464619
0.008988373
0.01085482
0.005742256
0.008523994
0.006274227
0.007357258
0.009251939
0.008865365
0.00819004
0.006329786
0.005745415
0.006775481
0.009251939
0.006467697
0.008160013
0.008265176
0.08241975
0.1438249
0.1778005
0.1007606
0.1472425
0.1592951
0.9706746
0.09477359
0.07959504
0.04628676
0.005039295
0.005957458
0.009011749
0.008800419
0.01934742
0.003930531
0.01018732
0.00858653
0.005560968
0.006041199
0.01129072
0.009298018
0.008100637
0.006954339
0.008887957
0.01041887
0.01029141
0.009616194
0.005715389
0.01362302
0.03382248
0.109882
0.1392026
0.1184179
0.06253712
0.1339094
0.1228799
0.9670311
0.09250357
0.009189494
0.00671227
0.003623441
0.008978052
0.008103138
0.01382084
0.0064702
0.003930877
0.006283269
0.009251939
0.006590357
0.005710438
0.007106259
0.01038105
0.005984325
0.0064702
0.007423028
0.008103138
0.005014311
0.01177309
0.008103138
0.0845448
0.06736591
0.08510608
0.08342186
0.08881626
0.1140333
0.07625147
0.08205725
0.9999299
0.0930324
0.007554674
0.01294353
0.007133124
0.006124336
0.006590357
0.01075513
0.004959025
0.01179146
0.00671227
0.007699562
0.006954339
0.01049677
0.004471544
0.005624088
0.007030481
0.01891749
0.01197574
0.007527113
0.00779603
0.00671227
0.02394342
0.01242681
0.008372021
0.05320092
0.01681458
0.03903557
0.04615418
0.008315146
0.09197205
0.9500894
0.008683292
0.007696329
0.008523994
0.006048029
0.01094656
0.01223677
0.007136284
0.006954339
0.01000008
0.00852761
0.00786295
0.007861068
0.008677081
0.007861068
0.006348288
0.01013007
0.006106218
0.0064702
0.006590357
0.006283269
0.008716989
0.01325988
0.01241371
0.008523994
0.009817553
0.004835526
0.007497087
0.007951165
0.007257301
0.006106218
0.9725678
0.0597901
0.007177414
0.01737143
0.01071902
0.01887146
0.01454621
0.02100379
0.008523994
0.009251939
0.007497087
0.0064702
0.005563469
0.006769142
0.007133124
0.006041199
0.0086466
0.006106218
0.00782087
0.007357844
0.007861068
0.006769142
0.008523994
0.006796795
0.007016015
0.007861068
0.01617767
0.006769142
0.009251939
0.005984325
0.0064702
0.9285218
0.007739158
0.08849268
0.01223672
0.009867652
0.03407244
0.02325862
0.09580539
0.008103138
0.01189473
0.01067439
0.008103138
0.008983806
0.008160013
0.008523994
0.00671227
0.007055704
0.008649047
0.005984325
0.01605895
0.01182397
0.005625147
0.007951165
0.003583406
0.007739158
0.008887957
0.01338524
0.007861068
0.01231558
0.004229475
0.006649698
0.910571
0.01466832
0.003930531
0.0112181
0.008847776
0.009251939
0.02011533
0.005922922
0.006041199
0.007011213
0.0041726
0.008763561
0.01570364
0.009251939
0.009034561
0.005321399
0.007861068
0.007922747
0.008826554
0.0138402
0.009977381
0.01034136
0.007739158
0.01231794
0.001933625
0.01243691
0.004107581
0.009223045
0.01386761
0.06562438
0.01360918
0.9404093
0.01065888
0.03194384
0.06927846
0.009721795
0.03894502
0.03714936
0.008523994
0.01031201
0.007681388
0.01351534
0.009875249
0.009904215
0.009251939
0.007497087
0.00701366
0.009057354
0.006871951
0.0084362
0.007133124
0.01379282
0.01441529
0.007214983
0.0064702
0.01837788
0.001521295
0.01100429
0.007497087
0.008160013
0.02517883
0.007739158
0.9980005
0.0150473
0.007739158
0.03703238
0.0064702
0.006954339
0.0123638
0.01299264
0.007375176
0.008103138
0.005984325
0.005620343
0.0064702
0.008103138
0.008160013
0.009858483
0.00779603
0.00701366
0.005533407
0.008950931
0.006041199
0.008554002
0.007133124
0.00507933
0.00671227
0.0064702
0.008529182
0.04279663
0.01052248
0.01118846
0.007861068
0.8682758
0.01923479
0.01218313
0.06543878
0.009741101
0.007133124
0.01686627
0.01144985
0.01119032
0.009918334
0.009613418
0.008740038
0.01002437
0.003930531
0.008317886
0.009878171
0.008859082
0.00837518
0.01320412
0.005321399
0.0064702
0.009885971
0.01209535
0.01012959
0.009768825
0.008886551
0.007861068
0.007861068
0.06923296
0.008917984
0.03093481
0.9999581
0.01242241
0.04601709
0.01926361
0.008555188
0.009290293
0.009737666
0.01075062
0.008668114
0.007432068
0.007056562
0.00507933
0.01012082
0.007407192
0.008306179
0.007073748
0.0110774
0.008497127
0.01368309
0.009251939
0.02120662
0.00671227
0.01036691
0.00994487
0.01890682
0.05292917
0.01098171
0.008526568
0.007861068
0.005378274
0.02202594
0.9284638
0.05210333
0.02793727
0.01468855
0.009251939
0.01088647
0.009473461
0.006974538
0.003987404
0.007578964
0.007497087
0.00779603
0.009282129
0.00696402
0.00671227
0.008103138
0.007861068
0.0114719
0.007600479
0.01153964
0.01090564
0.009311387
0.007377643
0.08456723
0.06731676
0.005685235
0.039127
0.008497127
0.07089837
0.04095191
0.05097935
0.9011094
0.04411025
0.01206283
0.005111658
0.005620343
0.007861068
0.009918918
0.007861068
0.007497087
0.008722467
0.007739158
0.005411495
0.01297277
0.005014311
0.005258827
0.007861068
0.00507933
0.01066838
0.006041199
0.00509617
0.008103138
0.00671227
0.01453976
0.03327853
0.007861068
0.03699337
0.006623543
0.01019103
0.01908163
0.02884137
0.04935827
0.9980361
0.007375176
0.0064702
0.008160013
0.006647232
0.01191336
0.005159893
0.008887957
0.007133124
0.007217759
0.01005051
0.006348288
0.008074245
0.00734747
0.01245957
0.00590274
0.007497799
0.008828581
0.01109677
0.008887811
0.006769142
0.005502066
0.00507933
0.005759093
0.005321399
0.01186724
0.00507933
0.009990185
0.01468855
0.009090996
0.005378274
0.9284782
0.2465392
0.1246254
0.05950961
0.1388735
0.1222427
0.05293648
0.01533997
0.01184291
0.009262916
0.005940655
0.009251939
0.00779603
0.009251939
0.0064702
0.009031511
0.00870824
0.006954339
0.009251939
0.009614587
0.007638616
0.008103138
0.006348288
0.01020433
0.01066197
0.007478585
0.008103138
0.00507933
0.007861068
0.01062316
0.2515719
0.9495007
0.1092722
0.04115239
0.07913513
0.110234
0.03065148
0.02038476
0.02070421
0.0495671
0.005500897
0.009181987
0.006318226
0.01012024
0.006168571
0.009251939
0.004957419
0
0.006136243
0.01233781
0.007133124
0.01091403
0.007861068
0.002781733
0.00779603
0.003808618
0.007739158
0.006074421
0.007858568
0.00368846
0.1461906
0.1322643
0.9084134
0.05139062
0.1227666
0.1054785
0.00779603
0.08712897
0.008972446
0.02037334
0.007861068
0.00941162
0.009251939
0.008381809
0.007823227
0.008739197
0.007011213
0.004445572
0.007872447
0.01060071
0.004069281
0.009251939
0.008523994
0.008103138
0.007619546
0.009251939
0.007407192
0.009473461
0.01094656
0.01239819
0.04152961
0.009980084
0.04976373
0.9999859
0.1336601
0.1120753
0.01038105
0.08091594
0.01052248
0.08338546
0.007411412
0.005571286
0.009392553
0.009656047
0.009113589
0.006348288
0.007861068
0.007587201
0.007497087
0.00350153
0.00671227
0.007861781
0.008103138
0.008576448
0.01139992
0.01088647
0.008887957
0.008103138
0.008486736
0.01227734
0.1325227
0.07640751
0.1290441
0.1330158
0.9792349
0.1785319
0.100298
0.08255533
0.007133124
0.0546311
0.006590796
0.006914724
0.008523994
0.008255241
0.007919825
0.007497087
0.01118857
0.005229514
0.006410823
0.00507933
0.008523994
0.007966232
0.01252099
0.008007985
0.00507933
0.005117921
0.0064702
0.005759093
0.008404182
0.006259324
0.008917984
0.08670602
0.1026113
0.1100659
0.007078789
0.9735501
0.06909507
0.09199174
0.05624729
0.1453804
0.009494557
0.007497087
0.007515625
0.004194827
0.005862413
0.007861068
0.007861068
0.008103138
0.006587873
0.006041199
0.007861068
0.007618397
0.005724321
0.007739158
0.007739158
0.007497087
0.009512107
0.007377643
0.007861068
0.005199489
0.03368044
0.06712846
0.0518245
0.04157036
0.1188623
0.07777671
0.8897358
0.09324333
0.08175513
0.06830342
0.01432368
0.006348288
0.01163244
0.008767652
0.007739158
0.009069792
0.008103138
0.003890496
0.01011788
0.007982835
0.00509617
0.00671227
0.0103405
0.007739158
0.01842415
0.00941162
0.008008039
0.009251939
0.00779603
0.01227394
0.03251502
0.01441509
0.1122101
0.08495227
0.1052562
0.006283269
0.05788169
0.851541
0.1050778
0.06747143
0.01237742
0.008523994
0.008617249
0.004974257
0.009988394
0.00671227
0.007497087
0.01128778
0.009024533
0.0146681
0.0104007
0.004471544
0.008300444
0.007437711
0.007861068
0.007475592
0.01160033
0.007375176
0.01118901
0.01139252
0.0499098
0.009673486
0.01045093
0.0804062
0.1002302
0.05614795
0.08253206
0.008523994
0.9535558
0.006769142
0.01203508
0.01447456
0.01058343
0.007799775
0.01232594
0.008103138
0.01143079
0.01227734
0.007432068
0.005134468
0.007415521
0.006283269
0.006647232
0.008465787
0.006962137
0.01779163
0.006710954
0.01198592
0.007861068
0.0075081
0.06971195
0.08671959
0.05755026
0.01165118
0.03354098
0.07167439
0.0421487
0.08961948
0.08350909
0.9676698