0.9760971
0.08212472
0.1273604
0.1021921
0.0883779
0.1667578
0.1310759
0.02631103
0.08787897
0.01677323
0.01052055
0.009738119
0.009587791
0.01481515
0.01118145
0.01197054
0.01369785
0.01025159
0.01227005
0.009738119
0.007506659
0.009456874
0.008286665
0.01184869
0.01227005
0.005876261
0.007688105
0.01587718
0.008351486
0.01088342
0.09047751
0.9989789
0.1133303
0.09899385
0.1089175
0.1879497
0.1503392
0.09459974
0.02836519
0.009303014
0.00883457
0.01336785
0.01112475
0.009375246
0.009525864
0.01248056
0.01088342
0.01335616
0.01376426
0.01453902
0.01015769
0.009979142
0.0102596
0.01081858
0.01080363
0.01227005
0.00921554
0.01472813
0.03297764
0.009738119
0.05147957
0.1142682
0.9989929
0.2917337
0.1568521
0.1593468
0.1783985
0.113406
0.07093565
0.02478518
0.01181789
0.008286665
0.01347276
0.008573118
0.01088342
0.006964854
0.007021554
0.01027992
0.01213402
0.01088342
0.01484199
0.009738119
0.00653716
0.01856937
0.01232874
0.01064434
0.01227005
0.01438105
0.01112475
0.01245361
0.1042814
0.1412196
0.2855968
0.9405623
0.1609197
0.07495997
0.02496533
0.121083
0.08210195
0.01088342
0.01076188
0.009014904
0.01439355
0.01154432
0.01519364
0.009738119
0.01154432
0.01227005
0.01954473
0.01272275
0.0119702
0.009857165
0.01088342
0.01652926
0.01088342
0.01037224
0.00253193
0.01423161
0.008261045
0.008564013
0.08424485
0.1088065
0.1567423
0.1703223
0.9999964
0.2562453
0.1500975
0.06816769
0.09216677
0.01187956
0.009794818
0.009526302
0.007923792
0.009616578
0.01761576
0.01275426
0.01052055
0.01227005
0.01347633
0.01243159
0.008510116
0.009431965
0.005819556
0.01432059
0.00869291
0.009664284
0.01175685
0.01136663
0.009012392
0.01244898
0.1436476
0.1795766
0.1584921
0.1215817
0.2581641
0.9970312
0.1598927
0.1308548
0.1170308
0.01560834
0.01667441
0.009837426
0.01638765
0.01858788
0.01540399
0.008286665
0.00883528
0.01112475
0.01351785
0.01227005
0.01268755
0.006360666
0.01052055
0.008894584
0.006825452
0.01112475
0.01227005
0.01079181
0.01526564
0.01088342
0.08521498
0.146433
0.1803051
0.1035
0.1498403
0.1602917
0.9717215
0.09753118
0.08239887
0.05595165
0.01086199
0.009979451
0.01258221
0.01181991
0.02233478
0.01058289
0.008199975
0.01081858
0.01359547
0.01060217
0.008852669
0.01088342
0.01304205
0.01281302
0.009979451
0.01227005
0.01263043
0.007385137
0.009738119
0.01787989
0.04014444
0.1083862
0.1278787
0.1185654
0.06903318
0.1326004
0.09747431
0.9916304
0.08515535
0.008442491
0.01227005
0.01208846
0.01492336
0.01112475
0.007828909
0.008985607
0.006480459
0.01052055
0.01227005
0.01711254
0.01039901
0.01646216
0.01060217
0.008654016
0.01325608
0.01039901
0.008592818
0.01350517
0.01478352
0.01136954
0.08736511
0.07020699
0.08777217
0.009496787
0.09159199
0.1167322
0.07906549
0.08388855
0.9999582
0.05482722
0.01057796
0.01139596
0.01227005
0.01542573
0.01204545
0.01006609
0.01148427
0.01216787
0.01283933
0.01247588
0.009768052
0.01082337
0.01142641
0.0105838
0.00954391
0.008331875
0.01006927
0.009012392
0.009673279
0.01169596
0.02691678
0.01279212
0.009346458
0.05593938
0.06406793
0.04292801
0.02419909
0.01115383
0.01597955
0.9424924
0.007625759
0.01045572
0.01237014
0.00868264
0.01187956
0.009738119
0.01227005
0.009979451
0.01088342
0.009253724
0.009338684
0.01088342
0.01233251
0.01957732
0.01190718
0.01062248
0.0112667
0.01076188
0.01190716
0.01287176
0.01173673
0.009310425
0.009498662
0.005277706
0.01283394
0.007867092
0.01171641
0.007021554
0.01407981
0.01163085
0.9999722
0.0190103
0.01294438
0.02269108
0.02961907
0.01759739
0.01540841
0.01442065
0.09490859
0.02951756
0.01046051
0.008920786
0.01157424
0.006844916
0.008410772
0.01344762
0.01347806
0.01335616
0.009431965
0.0148414
0.01088342
0.01341604
0.009133914
0.009822386
0.01003615
0.01088342
0.008110153
0.008893292
0.01227005
0.01088342
0.009496787
0.9483134
0.006964854
0.06849343
0.01236144
0.02557982
0.04044727
0.01763761
0.110057
0.03746492
0.01245086
0.01368817
0.009345276
0.00877106
0.01026328
0.01227005
0.01015769
0.009375246
0.009738119
0.0169339
0.01905633
0.01483425
0.008527979
0.01001827
0.006618787
0.009316051
0.009618181
0.008165124
0.007206186
0.01333791
0.003555694
0.01403514
0.8484393
0.01766993
0.01775839
0.008592818
0.01283216
0.01216539
0.02703881
0.01227005
0.00889085
0.01303054
0.01088342
0.01203098
0.01239245
0.01227005
0.009375246
0.01112475
0.01081858
0.009979451
0.01227005
0.02019675
0.01299328
0.01335616
0.01088342
0.01532671
0.01052055
0.0155683
0.009496787
0.009738119
0.02275109
0.06853878
0.01196952
1
0.01572516
0.03203298
0.07215907
0.01371972
0.06879219
0.04022874
0.02085084
0.0124944
0.009133914
0.01971172
0.01833954
0.01217786
0.007082169
0.01039901
0.01190718
0.02040412
0.009897314
0.01227005
0.01015769
0.02088502
0.01741767
0.01423004
0.01854282
0.00962144
0.01747827
0.01401706
0.01052055
0.02284485
0.02814843
0.02615333
0.997964
0.01088342
0.0124944
0.01529657
0.01088342
0.03237731
0.009738119
0.01470593
0.009415451
0.01588853
0.01459292
0.01411943
0.01335616
0.01461178
0.004291699
0.01718153
0.01765702
0.01088342
0.009868891
0.01243218
0.01073309
0.01224753
0.008845095
0.009012392
0.009738119
0.01980352
0.009456874
0.046205
0.01196952
0.01700127
0.01114003
0.8208128
0.02239312
0.01519231
0.08628548
0.008660498
0.01483421
0.009525864
0.00877106
0.01045572
0.01130368
0.01015769
0.01791678
0.01003615
0.01052055
0.00985598
0.01181557
0.01187839
0.01139596
0.01621019
0.008351486
0.01088342
0.008649519
0.01510481
0.01227005
0.01026878
0.01088342
0.03701494
0.01564614
0.07206836
0.0124944
0.02222249
0.9717429
0.02443277
0.04896352
0.02803419
0.009778322
0.01269161
0.01221086
0.008627559
0.01096521
0.01088342
0.01329743
0.0150744
0.01313629
0.01383749
0.01100636
0.01227005
0.01408995
0.01151754
0.01365301
0.01227005
0.00910103
0.02656445
0.01338163
0.01284343
0.02566801
0.02611311
0.008226286
0.01154689
0.01317586
0.007595789
0.01829741
0.9463811
0.03714282
0.01898493
0.01769011
0.01217845
0.009204798
0.009496787
0.01320647
0.0100985
0.01008586
0.01128453
0.01088342
0.01488827
0.01011006
0.009317618
0
0.01432957
0.01454372
0.009496787
0.01542964
0.008920786
0.01232932
0.01584454
0.03208243
0.10882
0.02414605
0.06886477
0.01052055
0.01088342
0.04712825
0.04696191
0.905293
0.01346648
0.01055048
0.01112475
0.009069093
0.01313336
0.01025066
0.009738119
0.01136721
0.01252333
0.01088413
0.01081858
0.01597955
0.008229947
0.008289104
0.01088342
0.01226991
0.01531329
0.009069093
0.01128746
0.01088342
0.007625759
0.01131397
0.0322699
0.01818193
0.04029553
0.01180538
0.009133914
0.02216051
0.03005596
0.04400679
0.998937
0.01167683
0.01190703
0.008649519
0.00609082
0.01170845
0.01476191
0.01016867
0.01419763
0.01412001
0.008070241
0.0133577
0.01227005
0.01037138
0.01450288
0.01104341
0.01088342
0.01097324
0.01015769
0.0099194
0.01303045
0.008290398
0.01112475
0.01061288
0.01474279
0.01227005
0.01447134
0.01068688
0.01182739
0.01525382
0.01015769
0.9286528
0.2302449
0.1190986
0.06333965
0.1305638
0.01164682
0.01038406
0.03408388
0.01760711
0.03936552
0.008968855
0.01407893
0.01081858
0.01227005
0.009496787
0.0120503
0.01142522
0.007527926
0.01252415
0.008562848
0.01088342
0.01217845
0.01556613
0.0122706
0.01514137
0.01592709
0.01163823
0.01706562
0.01052055
0.0131423
0.2546706
0.9760851
0.1252337
0.01414254
0.07413337
0.1156003
0.04550242
0.0165304
0.06709772
0.02877674
0.008530436
0.01290417
0.009979451
0.01045572
0.01227005
0.00877106
0.01227005
0.01124769
0.009794818
0.008986317
0.009133914
0.009163847
0.01227005
0.01015769
0.0109125
0.01112475
0.007687249
0.009069093
0.01235987
0.01144844
0.1249608
0.1443747
0.8695906
0.05559619
0.1191791
0.1096877
0.03094158
0.08742816
0.07297406
0.06039101
0.01317387
0.01242925
0.01323564
0.01140257
0.01084569
0.01270925
0.008972897
0.01009966
0.007655694
0.009738119
0.01362788
0.01227005
0.01109158
0.01810496
0.01290332
0.007187722
0.008592818
0.009997241
0.01327684
0.01446069
0.06545904
0.01687494
0.05265843
0.975575
0.06780784
0.05245902
0.04397904
0.08371574
0.01456355
0.08775977
0.009375246
0.008472407
0.01241024
0.008649519
0.01213212
0.009375246
0.01088342
0.006117586
0.01055048
0.01187994
0.009738119
0.009616578
0.01013091
0.01127535
0.01052055
0.01187839
0.008408187
0.009999589
0.009253724
0.01377819
0.1419945
0.0821782
0.1255171
0.0685878
0.978636
0.163957
0.05702623
0.102224
0.008527979
0.03608497
0.009617016
0.01430351
0.009738119
0.01257124
0.010942
0.009979451
0.01420078
0.01190718
0.009437591
0.01428043
0.01227005
0.01275313
0.008110153
0.0100985
0.01015769
0.01208655
0.01309567
0.007184755
0.01070066
0.01422538
0.1157947
0.1129294
0.1033091
0.1118276
0.1004785
0.8798867
0.01826516
0.07254062
0.06011321
0.0746117
0.01146858
0.01064194
0.007988614
0.006683609
0.0110625
0.01045572
0.01275182
0.009738119
0.01006927
0.00672352
0.01227005
0.01110629
0.01257287
0.01076188
0.01190718
0.008110153
0.01211971
0.01118145
0.01088342
0.01088342
0.01404947
0.009819001
0.02204008
0.01052055
0.0567489
0.0672734
0.9155031
0.07913892
0.09516706
0.009431965
0.01732634
0.009375246
0.01125536
0.007690435
0.01076188
0.01208846
0.009646513
0.006924941
0.01313336
0.009794818
0.007658024
0.01152819
0.008572334
0.01112475
0.02836574
0.01076188
0.01227306
0.009494292
0.01447294
0.01271446
0.03427374
0.05692712
0.1051963
0.08554759
0.08571527
0.01673404
0.05401176
0.9343883
0.08239142
0.09249357
0.007427617
0.009738119
0.0116373
0.009496787
0.01300426
0.009738119
0.00869473
0.01088342
0.006900032
0.008110153
0.01190718
0.007504219
0.007625759
0.01046135
0.01684229
0.01517245
0.01608434
0.01079571
0.01249119
0.01824051
0.0468652
0.01245017
0.07297406
0.05210747
0.0945245
0.0140575
0.08532694
0.02276342
0.9751744
0.07095062
0.0171701
0.0136866
0.01173003
0.01088342
0.01533469
0.01088342
0.01875349
0.01341761
0.01112475
0.009375246
0.01015769
0.01037224
0.01154432
0.01713772
0.009496787
0.01088342
0.01241056
0.01222998
0.01162386
0.01059689
0.04042137
0.0291288
0.06328101
0.1038501
0.05849695
0.1584787
0.03805349
0.1127466
0.08028157
0.908744
0.9760971
0.08212472
0.1273604
0.1021921
0.0883779
0.1667578
0.1310759
0.02631103
0.08787897
0.01677323
0.01052055
0.009738119
0.009587791
0.01481515
0.01118145
0.01197054
0.01369785
0.01025159
0.01227005
0.009738119
0.007506659
0.009456874
0.008286665
0.01184869
0.01227005
0.005876261
0.007688105
0.01587718
0.008351486
0.01088342
0.09047751
0.9989789
0.1133303
0.09899385
0.1089175
0.1879497
0.1503392
0.09459974
0.02836519
0.009303014
0.00883457
0.01336785
0.01112475
0.009375246
0.009525864
0.01248056
0.01088342
0.01335616
0.01376426
0.01453902
0.01015769
0.009979142
0.0102596
0.01081858
0.01080363
0.01227005
0.00921554
0.01472813
0.03297764
0.009738119
0.05147957
0.1142682
0.9989929
0.2917337
0.1568521
0.1593468
0.1783985
0.113406
0.07093565
0.02478518
0.01181789
0.008286665
0.01347276
0.008573118
0.01088342
0.006964854
0.007021554
0.01027992
0.01213402
0.01088342
0.01484199
0.009738119
0.00653716
0.01856937
0.01232874
0.01064434
0.01227005
0.01438105
0.01112475
0.01245361
0.1042814
0.1412196
0.2855968
0.9405623
0.1609197
0.07495997
0.02496533
0.121083
0.08210195
0.01088342
0.01076188
0.009014904
0.01439355
0.01154432
0.01519364
0.009738119
0.01154432
0.01227005
0.01954473
0.01272275
0.0119702
0.009857165
0.01088342
0.01652926
0.01088342
0.01037224
0.00253193
0.01423161
0.008261045
0.008564013
0.08424485
0.1088065
0.1567423
0.1703223
0.9999964
0.2562453
0.1500975
0.06816769
0.09216677
0.01187956
0.009794818
0.009526302
0.007923792
0.009616578
0.01761576
0.01275426
0.01052055
0.01227005
0.01347633
0.01243159
0.008510116
0.009431965
0.005819556
0.01432059
0.00869291
0.009664284
0.01175685
0.01136663
0.009012392
0.01244898
0.1436476
0.1795766
0.1584921
0.1215817
0.2581641
0.9970312
0.1598927
0.1308548
0.1170308
0.01560834
0.01667441
0.009837426
0.01638765
0.01858788
0.01540399
0.008286665
0.00883528
0.01112475
0.01351785
0.01227005
0.01268755
0.006360666
0.01052055
0.008894584
0.006825452
0.01112475
0.01227005
0.01079181
0.01526564
0.01088342
0.08521498
0.146433
0.1803051
0.1035
0.1498403
0.1602917
0.9717215
0.09753118
0.08239887
0.05595165
0.01086199
0.009979451
0.01258221
0.01181991
0.02233478
0.01058289
0.008199975
0.01081858
0.01359547
0.01060217
0.008852669
0.01088342
0.01304205
0.01281302
0.009979451
0.01227005
0.01263043
0.007385137
0.009738119
0.01787989
0.04014444
0.1083862
0.1278787
0.1185654
0.06903318
0.1326004
0.09747431
0.9916304
0.08515535
0.008442491
0.01227005
0.01208846
0.01492336
0.01112475
0.007828909
0.008985607
0.006480459
0.01052055
0.01227005
0.01711254
0.01039901
0.01646216
0.01060217
0.008654016
0.01325608
0.01039901
0.008592818
0.01350517
0.01478352
0.01136954
0.08736511
0.07020699
0.08777217
0.009496787
0.09159199
0.1167322
0.07906549
0.08388855
0.9999582
0.05482722
0.01057796
0.01139596
0.01227005
0.01542573
0.01204545
0.01006609
0.01148427
0.01216787
0.01283933
0.01247588
0.009768052
0.01082337
0.01142641
0.0105838
0.00954391
0.008331875
0.01006927
0.009012392
0.009673279
0.01169596
0.02691678
0.01279212
0.009346458
0.05593938
0.06406793
0.04292801
0.02419909
0.01115383
0.01597955
0.9424924
0.007625759
0.01045572
0.01237014
0.00868264
0.01187956
0.009738119
0.01227005
0.009979451
0.01088342
0.009253724
0.009338684
0.01088342
0.01233251
0.01957732
0.01190718
0.01062248
0.0112667
0.01076188
0.01190716
0.01287176
0.01173673
0.009310425
0.009498662
0.005277706
0.01283394
0.007867092
0.01171641
0.007021554
0.01407981
0.01163085
0.9999722
0.0190103
0.01294438
0.02269108
0.02961907
0.01759739
0.01540841
0.01442065
0.09490859
0.02951756
0.01046051
0.008920786
0.01157424
0.006844916
0.008410772
0.01344762
0.01347806
0.01335616
0.009431965
0.0148414
0.01088342
0.01341604
0.009133914
0.009822386
0.01003615
0.01088342
0.008110153
0.008893292
0.01227005
0.01088342
0.009496787
0.9483134
0.006964854
0.06849343
0.01236144
0.02557982
0.04044727
0.01763761
0.110057
0.03746492
0.01245086
0.01368817
0.009345276
0.00877106
0.01026328
0.01227005
0.01015769
0.009375246
0.009738119
0.0169339
0.01905633
0.01483425
0.008527979
0.01001827
0.006618787
0.009316051
0.009618181
0.008165124
0.007206186
0.01333791
0.003555694
0.01403514
0.8484393
0.01766993
0.01775839
0.008592818
0.01283216
0.01216539
0.02703881
0.01227005
0.00889085
0.01303054
0.01088342
0.01203098
0.01239245
0.01227005
0.009375246
0.01112475
0.01081858
0.009979451
0.01227005
0.02019675
0.01299328
0.01335616
0.01088342
0.01532671
0.01052055
0.0155683
0.009496787
0.009738119
0.02275109
0.06853878
0.01196952
1
0.01572516
0.03203298
0.07215907
0.01371972
0.06879219
0.04022874
0.02085084
0.0124944
0.009133914
0.01971172
0.01833954
0.01217786
0.007082169
0.01039901
0.01190718
0.02040412
0.009897314
0.01227005
0.01015769
0.02088502
0.01741767
0.01423004
0.01854282
0.00962144
0.01747827
0.01401706
0.01052055
0.02284485
0.02814843
0.02615333
0.997964
0.01088342
0.0124944
0.01529657
0.01088342
0.03237731
0.009738119
0.01470593
0.009415451
0.01588853
0.01459292
0.01411943
0.01335616
0.01461178
0.004291699
0.01718153
0.01765702
0.01088342
0.009868891
0.01243218
0.01073309
0.01224753
0.008845095
0.009012392
0.009738119
0.01980352
0.009456874
0.046205
0.01196952
0.01700127
0.01114003
0.8208128
0.02239312
0.01519231
0.08628548
0.008660498
0.01483421
0.009525864
0.00877106
0.01045572
0.01130368
0.01015769
0.01791678
0.01003615
0.01052055
0.00985598
0.01181557
0.01187839
0.01139596
0.01621019
0.008351486
0.01088342
0.008649519
0.01510481
0.01227005
0.01026878
0.01088342
0.03701494
0.01564614
0.07206836
0.0124944
0.02222249
0.9717429
0.02443277
0.04896352
0.02803419
0.009778322
0.01269161
0.01221086
0.008627559
0.01096521
0.01088342
0.01329743
0.0150744
0.01313629
0.01383749
0.01100636
0.01227005
0.01408995
0.01151754
0.01365301
0.01227005
0.00910103
0.02656445
0.01338163
0.01284343
0.02566801
0.02611311
0.008226286
0.01154689
0.01317586
0.007595789
0.01829741
0.9463811
0.03714282
0.01898493
0.01769011
0.01217845
0.009204798
0.009496787
0.01320647
0.0100985
0.01008586
0.01128453
0.01088342
0.01488827
0.01011006
0.009317618
0
0.01432957
0.01454372
0.009496787
0.01542964
0.008920786
0.01232932
0.01584454
0.03208243
0.10882
0.02414605
0.06886477
0.01052055
0.01088342
0.04712825
0.04696191
0.905293
0.01346648
0.01055048
0.01112475
0.009069093
0.01313336
0.01025066
0.009738119
0.01136721
0.01252333
0.01088413
0.01081858
0.01597955
0.008229947
0.008289104
0.01088342
0.01226991
0.01531329
0.009069093
0.01128746
0.01088342
0.007625759
0.01131397
0.0322699
0.01818193
0.04029553
0.01180538
0.009133914
0.02216051
0.03005596
0.04400679
0.998937
0.01167683
0.01190703
0.008649519
0.00609082
0.01170845
0.01476191
0.01016867
0.01419763
0.01412001
0.008070241
0.0133577
0.01227005
0.01037138
0.01450288
0.01104341
0.01088342
0.01097324
0.01015769
0.0099194
0.01303045
0.008290398
0.01112475
0.01061288
0.01474279
0.01227005
0.01447134
0.01068688
0.01182739
0.01525382
0.01015769
0.9286528
0.2302449
0.1190986
0.06333965
0.1305638
0.01164682
0.01038406
0.03408388
0.01760711
0.03936552
0.008968855
0.01407893
0.01081858
0.01227005
0.009496787
0.0120503
0.01142522
0.007527926
0.01252415
0.008562848
0.01088342
0.01217845
0.01556613
0.0122706
0.01514137
0.01592709
0.01163823
0.01706562
0.01052055
0.0131423
0.2546706
0.9760851
0.1252337
0.01414254
0.07413337
0.1156003
0.04550242
0.0165304
0.06709772
0.02877674
0.008530436
0.01290417
0.009979451
0.01045572
0.01227005
0.00877106
0.01227005
0.01124769
0.009794818
0.008986317
0.009133914
0.009163847
0.01227005
0.01015769
0.0109125
0.01112475
0.007687249
0.009069093
0.01235987
0.01144844
0.1249608
0.1443747
0.8695906
0.05559619
0.1191791
0.1096877
0.03094158
0.08742816
0.07297406
0.06039101
0.01317387
0.01242925
0.01323564
0.01140257
0.01084569
0.01270925
0.008972897
0.01009966
0.007655694
0.009738119
0.01362788
0.01227005
0.01109158
0.01810496
0.01290332
0.007187722
0.008592818
0.009997241
0.01327684
0.01446069
0.06545904
0.01687494
0.05265843
0.975575
0.06780784
0.05245902
0.04397904
0.08371574
0.01456355
0.08775977
0.009375246
0.008472407
0.01241024
0.008649519
0.01213212
0.009375246
0.01088342
0.006117586
0.01055048
0.01187994
0.009738119
0.009616578
0.01013091
0.01127535
0.01052055
0.01187839
0.008408187
0.009999589
0.009253724
0.01377819
0.1419945
0.0821782
0.1255171
0.0685878
0.978636
0.163957
0.05702623
0.102224
0.008527979
0.03608497
0.009617016
0.01430351
0.009738119
0.01257124
0.010942
0.009979451
0.01420078
0.01190718
0.009437591
0.01428043
0.01227005
0.01275313
0.008110153
0.0100985
0.01015769
0.01208655
0.01309567
0.007184755
0.01070066
0.01422538
0.1157947
0.1129294
0.1033091
0.1118276
0.1004785
0.8798867
0.01826516
0.07254062
0.06011321
0.0746117
0.01146858
0.01064194
0.007988614
0.006683609
0.0110625
0.01045572
0.01275182
0.009738119
0.01006927
0.00672352
0.01227005
0.01110629
0.01257287
0.01076188
0.01190718
0.008110153
0.01211971
0.01118145
0.01088342
0.01088342
0.01404947
0.009819001
0.02204008
0.01052055
0.0567489
0.0672734
0.9155031
0.07913892
0.09516706
0.009431965
0.01732634
0.009375246
0.01125536
0.007690435
0.01076188
0.01208846
0.009646513
0.006924941
0.01313336
0.009794818
0.007658024
0.01152819
0.008572334
0.01112475
0.02836574
0.01076188
0.01227306
0.009494292
0.01447294
0.01271446
0.03427374
0.05692712
0.1051963
0.08554759
0.08571527
0.01673404
0.05401176
0.9343883
0.08239142
0.09249357
0.007427617
0.009738119
0.0116373
0.009496787
0.01300426
0.009738119
0.00869473
0.01088342
0.006900032
0.008110153
0.01190718
0.007504219
0.007625759
0.01046135
0.01684229
0.01517245
0.01608434
0.01079571
0.01249119
0.01824051
0.0468652
0.01245017
0.07297406
0.05210747
0.0945245
0.0140575
0.08532694
0.02276342
0.9751744
0.07095062
0.0171701
0.0136866
0.01173003
0.01088342
0.01533469
0.01088342
0.01875349
0.01341761
0.01112475
0.009375246
0.01015769
0.01037224
0.01154432
0.01713772
0.009496787
0.01088342
0.01241056
0.01222998
0.01162386
0.01059689
0.04042137
0.0291288
0.06328101
0.1038501
0.05849695
0.1584787
0.03805349
0.1127466
0.08028157
0.908744
0.9760971
0.08212472
0.1273604
0.1021921
0.0883779
0.1667578
0.1310759
0.02631103
0.08787897
0.01677323
0.01052055
0.009738119
0.009587791
0.01481515
0.01118145
0.01197054
0.01369785
0.01025159
0.01227005
0.009738119
0.007506659
0.009456874
0.008286665
0.01184869
0.01227005
0.005876261
0.007688105
0.01587718
0.008351486
0.01088342
0.09047751
0.9989789
0.1133303
0.09899385
0.1089175
0.1879497
0.1503392
0.09459974
0.02836519
0.009303014
0.00883457
0.01336785
0.01112475
0.009375246
0.009525864
0.01248056
0.01088342
0.01335616
0.01376426
0.01453902
0.01015769
0.009979142
0.0102596
0.01081858
0.01080363
0.01227005
0.00921554
0.01472813
0.03297764
0.009738119
0.05147957
0.1142682
0.9989929
0.2917337
0.1568521
0.1593468
0.1783985
0.113406
0.07093565
0.02478518
0.01181789
0.008286665
0.01347276
0.008573118
0.01088342
0.006964854
0.007021554
0.01027992
0.01213402
0.01088342
0.01484199
0.009738119
0.00653716
0.01856937
0.01232874
0.01064434
0.01227005
0.01438105
0.01112475
0.01245361
0.1042814
0.1412196
0.2855968
0.9405623
0.1609197
0.07495997
0.02496533
0.121083
0.08210195
0.01088342
0.01076188
0.009014904
0.01439355
0.01154432
0.01519364
0.009738119
0.01154432
0.01227005
0.01954473
0.01272275
0.0119702
0.009857165
0.01088342
0.01652926
0.01088342
0.01037224
0.00253193
0.01423161
0.008261045
0.008564013
0.08424485
0.1088065
0.1567423
0.1703223
0.9999964
0.2562453
0.1500975
0.06816769
0.09216677
0.01187956
0.009794818
0.009526302
0.007923792
0.009616578
0.01761576
0.01275426
0.01052055
0.01227005
0.01347633
0.01243159
0.008510116
0.009431965
0.005819556
0.01432059
0.00869291
0.009664284
0.01175685
0.01136663
0.009012392
0.01244898
0.1436476
0.1795766
0.1584921
0.1215817
0.2581641
0.9970312
0.1598927
0.1308548
0.1170308
0.01560834
0.01667441
0.009837426
0.01638765
0.01858788
0.01540399
0.008286665
0.00883528
0.01112475
0.01351785
0.01227005
0.01268755
0.006360666
0.01052055
0.008894584
0.006825452
0.01112475
0.01227005
0.01079181
0.01526564
0.01088342
0.08521498
0.146433
0.1803051
0.1035
0.1498403
0.1602917
0.9717215
0.09753118
0.08239887
0.05595165
0.01086199
0.009979451
0.01258221
0.01181991
0.02233478
0.01058289
0.008199975
0.01081858
0.01359547
0.01060217
0.008852669
0.01088342
0.01304205
0.01281302
0.009979451
0.01227005
0.01263043
0.007385137
0.009738119
0.01787989
0.04014444
0.1083862
0.1278787
0.1185654
0.06903318
0.1326004
0.09747431
0.9916304
0.08515535
0.008442491
0.01227005
0.01208846
0.01492336
0.01112475
0.007828909
0.008985607
0.006480459
0.01052055
0.01227005
0.01711254
0.01039901
0.01646216
0.01060217
0.008654016
0.01325608
0.01039901
0.008592818
0.01350517
0.01478352
0.01136954
0.08736511
0.07020699
0.08777217
0.009496787
0.09159199
0.1167322
0.07906549
0.08388855
0.9999582
0.05482722
0.01057796
0.01139596
0.01227005
0.01542573
0.01204545
0.01006609
0.01148427
0.01216787
0.01283933
0.01247588
0.009768052
0.01082337
0.01142641
0.0105838
0.00954391
0.008331875
0.01006927
0.009012392
0.009673279
0.01169596
0.02691678
0.01279212
0.009346458
0.05593938
0.06406793
0.04292801
0.02419909
0.01115383
0.01597955
0.9424924
0.007625759
0.01045572
0.01237014
0.00868264
0.01187956
0.009738119
0.01227005
0.009979451
0.01088342
0.009253724
0.009338684
0.01088342
0.01233251
0.01957732
0.01190718
0.01062248
0.0112667
0.01076188
0.01190716
0.01287176
0.01173673
0.009310425
0.009498662
0.005277706
0.01283394
0.007867092
0.01171641
0.007021554
0.01407981
0.01163085
0.9999722
0.0190103
0.01294438
0.02269108
0.02961907
0.01759739
0.01540841
0.01442065
0.09490859
0.02951756
0.01046051
0.008920786
0.01157424
0.006844916
0.008410772
0.01344762
0.01347806
0.01335616
0.009431965
0.0148414
0.01088342
0.01341604
0.009133914
0.009822386
0.01003615
0.01088342
0.008110153
0.008893292
0.01227005
0.01088342
0.009496787
0.9483134
0.006964854
0.06849343
0.01236144
0.02557982
0.04044727
0.01763761
0.110057
0.03746492
0.01245086
0.01368817
0.009345276
0.00877106
0.01026328
0.01227005
0.01015769
0.009375246
0.009738119
0.0169339
0.01905633
0.01483425
0.008527979
0.01001827
0.006618787
0.009316051
0.009618181
0.008165124
0.007206186
0.01333791
0.003555694
0.01403514
0.8484393
0.01766993
0.01775839
0.008592818
0.01283216
0.01216539
0.02703881
0.01227005
0.00889085
0.01303054
0.01088342
0.01203098
0.01239245
0.01227005
0.009375246
0.01112475
0.01081858
0.009979451
0.01227005
0.02019675
0.01299328
0.01335616
0.01088342
0.01532671
0.01052055
0.0155683
0.009496787
0.009738119
0.02275109
0.06853878
0.01196952
1
0.01572516
0.03203298
0.07215907
0.01371972
0.06879219
0.04022874
0.02085084
0.0124944
0.009133914
0.01971172
0.01833954
0.01217786
0.007082169
0.01039901
0.01190718
0.02040412
0.009897314
0.01227005
0.01015769
0.02088502
0.01741767
0.01423004
0.01854282
0.00962144
0.01747827
0.01401706
0.01052055
0.02284485
0.02814843
0.02615333
0.997964
0.01088342
0.0124944
0.01529657
0.01088342
0.03237731
0.009738119
0.01470593
0.009415451
0.01588853
0.01459292
0.01411943
0.01335616
0.01461178
0.004291699
0.01718153
0.01765702
0.01088342
0.009868891
0.01243218
0.01073309
0.01224753
0.008845095
0.009012392
0.009738119
0.01980352
0.009456874
0.046205
0.01196952
0.01700127
0.01114003
0.8208128
0.02239312
0.01519231
0.08628548
0.008660498
0.01483421
0.009525864
0.00877106
0.01045572
0.01130368
0.01015769
0.01791678
0.01003615
0.01052055
0.00985598
0.01181557
0.01187839
0.01139596
0.01621019
0.008351486
0.01088342
0.008649519
0.01510481
0.01227005
0.01026878
0.01088342
0.03701494
0.01564614
0.07206836
0.0124944
0.02222249
0.9717429
0.02443277
0.04896352
0.02803419
0.009778322
0.01269161
0.01221086
0.008627559
0.01096521
0.01088342
0.01329743
0.0150744
0.01313629
0.01383749
0.01100636
0.01227005
0.01408995
0.01151754
0.01365301
0.01227005
0.00910103
0.02656445
0.01338163
0.01284343
0.02566801
0.02611311
0.008226286
0.01154689
0.01317586
0.007595789
0.01829741
0.9463811
0.03714282
0.01898493
0.01769011
0.01217845
0.009204798
0.009496787
0.01320647
0.0100985
0.01008586
0.01128453
0.01088342
0.01488827
0.01011006
0.009317618
0
0.01432957
0.01454372
0.009496787
0.01542964
0.008920786
0.01232932
0.01584454
0.03208243
0.10882
0.02414605
0.06886477
0.01052055
0.01088342
0.04712825
0.04696191
0.905293
0.01346648
0.01055048
0.01112475
0.009069093
0.01313336
0.01025066
0.009738119
0.01136721
0.01252333
0.01088413
0.01081858
0.01597955
0.008229947
0.008289104
0.01088342
0.01226991
0.01531329
0.009069093
0.01128746
0.01088342
0.007625759
0.01131397
0.0322699
0.01818193
0.04029553
0.01180538
0.009133914
0.02216051
0.03005596
0.04400679
0.998937
0.01167683
0.01190703
0.008649519
0.00609082
0.01170845
0.01476191
0.01016867
0.01419763
0.01412001
0.008070241
0.0133577
0.01227005
0.01037138
0.01450288
0.01104341
0.01088342
0.01097324
0.01015769
0.0099194
0.01303045
0.008290398
0.01112475
0.01061288
0.01474279
0.01227005
0.01447134
0.01068688
0.01182739
0.01525382
0.01015769
0.9286528
0.2302449
0.1190986
0.06333965
0.1305638
0.01164682
0.01038406
0.03408388
0.01760711
0.03936552
0.008968855
0.01407893
0.01081858
0.01227005
0.009496787
0.0120503
0.01142522
0.007527926
0.01252415
0.008562848
0.01088342
0.01217845
0.01556613
0.0122706
0.01514137
0.01592709
0.01163823
0.01706562
0.01052055
0.0131423
0.2546706
0.9760851
0.1252337
0.01414254
0.07413337
0.1156003
0.04550242
0.0165304
0.06709772
0.02877674
0.008530436
0.01290417
0.009979451
0.01045572
0.01227005
0.00877106
0.01227005
0.01124769
0.009794818
0.008986317
0.009133914
0.009163847
0.01227005
0.01015769
0.0109125
0.01112475
0.007687249
0.009069093
0.01235987
0.01144844
0.1249608
0.1443747
0.8695906
0.05559619
0.1191791
0.1096877
0.03094158
0.08742816
0.07297406
0.06039101
0.01317387
0.01242925
0.01323564
0.01140257
0.01084569
0.01270925
0.008972897
0.01009966
0.007655694
0.009738119
0.01362788
0.01227005
0.01109158
0.01810496
0.01290332
0.007187722
0.008592818
0.009997241
0.01327684
0.01446069
0.06545904
0.01687494
0.05265843
0.975575
0.06780784
0.05245902
0.04397904
0.08371574
0.01456355
0.08775977
0.009375246
0.008472407
0.01241024
0.008649519
0.01213212
0.009375246
0.01088342
0.006117586
0.01055048
0.01187994
0.009738119
0.009616578
0.01013091
0.01127535
0.01052055
0.01187839
0.008408187
0.009999589
0.009253724
0.01377819
0.1419945
0.0821782
0.1255171
0.0685878
0.978636
0.163957
0.05702623
0.102224
0.008527979
0.03608497
0.009617016
0.01430351
0.009738119
0.01257124
0.010942
0.009979451
0.01420078
0.01190718
0.009437591
0.01428043
0.01227005
0.01275313
0.008110153
0.0100985
0.01015769
0.01208655
0.01309567
0.007184755
0.01070066
0.01422538
0.1157947
0.1129294
0.1033091
0.1118276
0.1004785
0.8798867
0.01826516
0.07254062
0.06011321
0.0746117
0.01146858
0.01064194
0.007988614
0.006683609
0.0110625
0.01045572
0.01275182
0.009738119
0.01006927
0.00672352
0.01227005
0.01110629
0.01257287
0.01076188
0.01190718
0.008110153
0.01211971
0.01118145
0.01088342
0.01088342
0.01404947
0.009819001
0.02204008
0.01052055
0.0567489
0.0672734
0.9155031
0.07913892
0.09516706
0.009431965
0.01732634
0.009375246
0.01125536
0.007690435
0.01076188
0.01208846
0.009646513
0.006924941
0.01313336
0.009794818
0.007658024
0.01152819
0.008572334
0.01112475
0.02836574
0.01076188
0.01227306
0.009494292
0.01447294
0.01271446
0.03427374
0.05692712
0.1051963
0.08554759
0.08571527
0.01673404
0.05401176
0.9343883
0.08239142
0.09249357
0.007427617
0.009738119
0.0116373
0.009496787
0.01300426
0.009738119
0.00869473
0.01088342
0.006900032
0.008110153
0.01190718
0.007504219
0.007625759
0.01046135
0.01684229
0.01517245
0.01608434
0.01079571
0.01249119
0.01824051
0.0468652
0.01245017
0.07297406
0.05210747
0.0945245
0.0140575
0.08532694
0.02276342
0.9751744
0.07095062
0.0171701
0.0136866
0.01173003
0.01088342
0.01533469
0.01088342
0.01875349
0.01341761
0.01112475
0.009375246
0.01015769
0.01037224
0.01154432
0.01713772
0.009496787
0.01088342
0.01241056
0.01222998
0.01162386
0.01059689
0.04042137
0.0291288
0.06328101
0.1038501
0.05849695
0.1584787
0.03805349
0.1127466
0.08028157
0.908744
0.9760971
0.08212472
0.1273604
0.1021921
0.0883779
0.1667578
0.1310759
0.02631103
0.08787897
0.01677323
0.01052055
0.009738119
0.009587791
0.01481515
0.01118145
0.01197054
0.01369785
0.01025159
0.01227005
0.009738119
0.007506659
0.009456874
0.008286665
0.01184869
0.01227005
0.005876261
0.007688105
0.01587718
0.008351486
0.01088342
0.09047751
0.9989789
0.1133303
0.09899385
0.1089175
0.1879497
0.1503392
0.09459974
0.02836519
0.009303014
0.00883457
0.01336785
0.01112475
0.009375246
0.009525864
0.01248056
0.01088342
0.01335616
0.01376426
0.01453902
0.01015769
0.009979142
0.0102596
0.01081858
0.01080363
0.01227005
0.00921554
0.01472813
0.03297764
0.009738119
0.05147957
0.1142682
0.9989929
0.2917337
0.1568521
0.1593468
0.1783985
0.113406
0.07093565
0.02478518
0.01181789
0.008286665
0.01347276
0.008573118
0.01088342
0.006964854
0.007021554
0.01027992
0.01213402
0.01088342
0.01484199
0.009738119
0.00653716
0.01856937
0.01232874
0.01064434
0.01227005
0.01438105
0.01112475
0.01245361
0.1042814
0.1412196
0.2855968
0.9405623
0.1609197
0.07495997
0.02496533
0.121083
0.08210195
0.01088342
0.01076188
0.009014904
0.01439355
0.01154432
0.01519364
0.009738119
0.01154432
0.01227005
0.01954473
0.01272275
0.0119702
0.009857165
0.01088342
0.01652926
0.01088342
0.01037224
0.00253193
0.01423161
0.008261045
0.008564013
0.08424485
0.1088065
0.1567423
0.1703223
0.9999964
0.2562453
0.1500975
0.06816769
0.09216677
0.01187956
0.009794818
0.009526302
0.007923792
0.009616578
0.01761576
0.01275426
0.01052055
0.01227005
0.01347633
0.01243159
0.008510116
0.009431965
0.005819556
0.01432059
0.00869291
0.009664284
0.01175685
0.01136663
0.009012392
0.01244898
0.1436476
0.1795766
0.1584921
0.1215817
0.2581641
0.9970312
0.1598927
0.1308548
0.1170308
0.01560834
0.01667441
0.009837426
0.01638765
0.01858788
0.01540399
0.008286665
0.00883528
0.01112475
0.01351785
0.01227005
0.01268755
0.006360666
0.01052055
0.008894584
0.006825452
0.01112475
0.01227005
0.01079181
0.01526564
0.01088342
0.08521498
0.146433
0.1803051
0.1035
0.1498403
0.1602917
0.9717215
0.09753118
0.08239887
0.05595165
0.01086199
0.009979451
0.01258221
0.01181991
0.02233478
0.01058289
0.008199975
0.01081858
0.01359547
0.01060217
0.008852669
0.01088342
0.01304205
0.01281302
0.009979451
0.01227005
0.01263043
0.007385137
0.009738119
0.01787989
0.04014444
0.1083862
0.1278787
0.1185654
0.06903318
0.1326004
0.09747431
0.9916304
0.08515535
0.008442491
0.01227005
0.01208846
0.01492336
0.01112475
0.007828909
0.008985607
0.006480459
0.01052055
0.01227005
0.01711254
0.01039901
0.01646216
0.01060217
0.008654016
0.01325608
0.01039901
0.008592818
0.01350517
0.01478352
0.01136954
0.08736511
0.07020699
0.08777217
0.009496787
0.09159199
0.1167322
0.07906549
0.08388855
0.9999582
0.05482722
0.01057796
0.01139596
0.01227005
0.01542573
0.01204545
0.01006609
0.01148427
0.01216787
0.01283933
0.01247588
0.009768052
0.01082337
0.01142641
0.0105838
0.00954391
0.008331875
0.01006927
0.009012392
0.009673279
0.01169596
0.02691678
0.01279212
0.009346458
0.05593938
0.06406793
0.04292801
0.02419909
0.01115383
0.01597955
0.9424924
0.007625759
0.01045572
0.01237014
0.00868264
0.01187956
0.009738119
0.01227005
0.009979451
0.01088342
0.009253724
0.009338684
0.01088342
0.01233251
0.01957732
0.01190718
0.01062248
0.0112667
0.01076188
0.01190716
0.01287176
0.01173673
0.009310425
0.009498662
0.005277706
0.01283394
0.007867092
0.01171641
0.007021554
0.01407981
0.01163085
0.9999722
0.0190103
0.01294438
0.02269108
0.02961907
0.01759739
0.01540841
0.01442065
0.09490859
0.02951756
0.01046051
0.008920786
0.01157424
0.006844916
0.008410772
0.01344762
0.01347806
0.01335616
0.009431965
0.0148414
0.01088342
0.01341604
0.009133914
0.009822386
0.01003615
0.01088342
0.008110153
0.008893292
0.01227005
0.01088342
0.009496787
0.9483134
0.006964854
0.06849343
0.01236144
0.02557982
0.04044727
0.01763761
0.110057
0.03746492
0.01245086
0.01368817
0.009345276
0.00877106
0.01026328
0.01227005
0.01015769
0.009375246
0.009738119
0.0169339
0.01905633
0.01483425
0.008527979
0.01001827
0.006618787
0.009316051
0.009618181
0.008165124
0.007206186
0.01333791
0.003555694
0.01403514
0.8484393
0.01766993
0.01775839
0.008592818
0.01283216
0.01216539
0.02703881
0.01227005
0.00889085
0.01303054
0.01088342
0.01203098
0.01239245
0.01227005
0.009375246
0.01112475
0.01081858
0.009979451
0.01227005
0.02019675
0.01299328
0.01335616
0.01088342
0.01532671
0.01052055
0.0155683
0.009496787
0.009738119
0.02275109
0.06853878
0.01196952
1
0.01572516
0.03203298
0.07215907
0.01371972
0.06879219
0.04022874
0.02085084
0.0124944
0.009133914
0.01971172
0.01833954
0.01217786
0.007082169
0.01039901
0.01190718
0.02040412
0.009897314
0.01227005
0.01015769
0.02088502
0.01741767
0.01423004
0.01854282
0.00962144
0.01747827
0.01401706
0.01052055
0.02284485
0.02814843
0.02615333
0.997964
0.01088342
0.0124944
0.01529657
0.01088342
0.03237731
0.009738119
0.01470593
0.009415451
0.01588853
0.01459292
0.01411943
0.01335616
0.01461178
0.004291699
0.01718153
0.01765702
0.01088342
0.009868891
0.01243218
0.01073309
0.01224753
0.008845095
0.009012392
0.009738119
0.01980352
0.009456874
0.046205
0.01196952
0.01700127
0.01114003
0.8208128
0.02239312
0.01519231
0.08628548
0.008660498
0.01483421
0.009525864
0.00877106
0.01045572
0.01130368
0.01015769
0.01791678
0.01003615
0.01052055
0.00985598
0.01181557
0.01187839
0.01139596
0.01621019
0.008351486
0.01088342
0.008649519
0.01510481
0.01227005
0.01026878
0.01088342
0.03701494
0.01564614
0.07206836
0.0124944
0.02222249
0.9717429
0.02443277
0.04896352
0.02803419
0.009778322
0.01269161
0.01221086
0.008627559
0.01096521
0.01088342
0.01329743
0.0150744
0.01313629
0.01383749
0.01100636
0.01227005
0.01408995
0.01151754
0.01365301
0.01227005
0.00910103
0.02656445
0.01338163
0.01284343
0.02566801
0.02611311
0.008226286
0.01154689
0.01317586
0.007595789
0.01829741
0.9463811
0.03714282
0.01898493
0.01769011
0.01217845
0.009204798
0.009496787
0.01320647
0.0100985
0.01008586
0.01128453
0.01088342
0.01488827
0.01011006
0.009317618
0
0.01432957
0.01454372
0.009496787
0.01542964
0.008920786
0.01232932
0.01584454
0.03208243
0.10882
0.02414605
0.06886477
0.01052055
0.01088342
0.04712825
0.04696191
0.905293
0.01346648
0.01055048
0.01112475
0.009069093
0.01313336
0.01025066
0.009738119
0.01136721
0.01252333
0.01088413
0.01081858
0.01597955
0.008229947
0.008289104
0.01088342
0.01226991
0.01531329
0.009069093
0.01128746
0.01088342
0.007625759
0.01131397
0.0322699
0.01818193
0.04029553
0.01180538
0.009133914
0.02216051
0.03005596
0.04400679
0.998937
0.01167683
0.01190703
0.008649519
0.00609082
0.01170845
0.01476191
0.01016867
0.01419763
0.01412001
0.008070241
0.0133577
0.01227005
0.01037138
0.01450288
0.01104341
0.01088342
0.01097324
0.01015769
0.0099194
0.01303045
0.008290398
0.01112475
0.01061288
0.01474279
0.01227005
0.01447134
0.01068688
0.01182739
0.01525382
0.01015769
0.9286528
0.2302449
0.1190986
0.06333965
0.1305638
0.01164682
0.01038406
0.03408388
0.01760711
0.03936552
0.008968855
0.01407893
0.01081858
0.01227005
0.009496787
0.0120503
0.01142522
0.007527926
0.01252415
0.008562848
0.01088342
0.01217845
0.01556613
0.0122706
0.01514137
0.01592709
0.01163823
0.01706562
0.01052055
0.0131423
0.2546706
0.9760851
0.1252337
0.01414254
0.07413337
0.1156003
0.04550242
0.0165304
0.06709772
0.02877674
0.008530436
0.01290417
0.009979451
0.01045572
0.01227005
0.00877106
0.01227005
0.01124769
0.009794818
0.008986317
0.009133914
0.009163847
0.01227005
0.01015769
0.0109125
0.01112475
0.007687249
0.009069093
0.01235987
0.01144844
0.1249608
0.1443747
0.8695906
0.05559619
0.1191791
0.1096877
0.03094158
0.08742816
0.07297406
0.06039101
0.01317387
0.01242925
0.01323564
0.01140257
0.01084569
0.01270925
0.008972897
0.01009966
0.007655694
0.009738119
0.01362788
0.01227005
0.01109158
0.01810496
0.01290332
0.007187722
0.008592818
0.009997241
0.01327684
0.01446069
0.06545904
0.01687494
0.05265843
0.975575
0.06780784
0.05245902
0.04397904
0.08371574
0.01456355
0.08775977
0.009375246
0.008472407
0.01241024
0.008649519
0.01213212
0.009375246
0.01088342
0.006117586
0.01055048
0.01187994
0.009738119
0.009616578
0.01013091
0.01127535
0.01052055
0.01187839
0.008408187
0.009999589
0.009253724
0.01377819
0.1419945
0.0821782
0.1255171
0.0685878
0.978636
0.163957
0.05702623
0.102224
0.008527979
0.03608497
0.009617016
0.01430351
0.009738119
0.01257124
0.010942
0.009979451
0.01420078
0.01190718
0.009437591
0.01428043
0.01227005
0.01275313
0.008110153
0.0100985
0.01015769
0.01208655
0.01309567
0.007184755
0.01070066
0.01422538
0.1157947
0.1129294
0.1033091
0.1118276
0.1004785
0.8798867
0.01826516
0.07254062
0.06011321
0.0746117
0.01146858
0.01064194
0.007988614
0.006683609
0.0110625
0.01045572
0.01275182
0.009738119
0.01006927
0.00672352
0.01227005
0.01110629
0.01257287
0.01076188
0.01190718
0.008110153
0.01211971
0.01118145
0.01088342
0.01088342
0.01404947
0.009819001
0.02204008
0.01052055
0.0567489
0.0672734
0.9155031
0.07913892
0.09516706
0.009431965
0.01732634
0.009375246
0.01125536
0.007690435
0.01076188
0.01208846
0.009646513
0.006924941
0.01313336
0.009794818
0.007658024
0.01152819
0.008572334
0.01112475
0.02836574
0.01076188
0.01227306
0.009494292
0.01447294
0.01271446
0.03427374
0.05692712
0.1051963
0.08554759
0.08571527
0.01673404
0.05401176
0.9343883
0.08239142
0.09249357
0.007427617
0.009738119
0.0116373
0.009496787
0.01300426
0.009738119
0.00869473
0.01088342
0.006900032
0.008110153
0.01190718
0.007504219
0.007625759
0.01046135
0.01684229
0.01517245
0.01608434
0.01079571
0.01249119
0.01824051
0.0468652
0.01245017
0.07297406
0.05210747
0.0945245
0.0140575
0.08532694
0.02276342
0.9751744
0.07095062
0.0171701
0.0136866
0.01173003
0.01088342
0.01533469
0.01088342
0.01875349
0.01341761
0.01112475
0.009375246
0.01015769
0.01037224
0.01154432
0.01713772
0.009496787
0.01088342
0.01241056
0.01222998
0.01162386
0.01059689
0.04042137
0.0291288
0.06328101
0.1038501
0.05849695
0.1584787
0.03805349
0.1127466
0.08028157
0.908744
0.9760971
0.08212472
0.1273604
0.1021921
0.0883779
0.1667578
0.1310759
0.02631103
0.08787897
0.01677323
0.01052055
0.009738119
0.009587791
0.01481515
0.01118145
0.01197054
0.01369785
0.01025159
0.01227005
0.009738119
0.007506659
0.009456874
0.008286665
0.01184869
0.01227005
0.005876261
0.007688105
0.01587718
0.008351486
0.01088342
0.09047751
0.9989789
0.1133303
0.09899385
0.1089175
0.1879497
0.1503392
0.09459974
0.02836519
0.009303014
0.00883457
0.01336785
0.01112475
0.009375246
0.009525864
0.01248056
0.01088342
0.01335616
0.01376426
0.01453902
0.01015769
0.009979142
0.0102596
0.01081858
0.01080363
0.01227005
0.00921554
0.01472813
0.03297764
0.009738119
0.05147957
0.1142682
0.9989929
0.2917337
0.1568521
0.1593468
0.1783985
0.113406
0.07093565
0.02478518
0.01181789
0.008286665
0.01347276
0.008573118
0.01088342
0.006964854
0.007021554
0.01027992
0.01213402
0.01088342
0.01484199
0.009738119
0.00653716
0.01856937
0.01232874
0.01064434
0.01227005
0.01438105
0.01112475
0.01245361
0.1042814
0.1412196
0.2855968
0.9405623
0.1609197
0.07495997
0.02496533
0.121083
0.08210195
0.01088342
0.01076188
0.009014904
0.01439355
0.01154432
0.01519364
0.009738119
0.01154432
0.01227005
0.01954473
0.01272275
0.0119702
0.009857165
0.01088342
0.01652926
0.01088342
0.01037224
0.00253193
0.01423161
0.008261045
0.008564013
0.08424485
0.1088065
0.1567423
0.1703223
0.9999964
0.2562453
0.1500975
0.06816769
0.09216677
0.01187956
0.009794818
0.009526302
0.007923792
0.009616578
0.01761576
0.01275426
0.01052055
0.01227005
0.01347633
0.01243159
0.008510116
0.009431965
0.005819556
0.01432059
0.00869291
0.009664284
0.01175685
0.01136663
0.009012392
0.01244898
0.1436476
0.1795766
0.1584921
0.1215817
0.2581641
0.9970312
0.1598927
0.1308548
0.1170308
0.01560834
0.01667441
0.009837426
0.01638765
0.01858788
0.01540399
0.008286665
0.00883528
0.01112475
0.01351785
0.01227005
0.01268755
0.006360666
0.01052055
0.008894584
0.006825452
0.01112475
0.01227005
0.01079181
0.01526564
0.01088342
0.08521498
0.146433
0.1803051
0.1035
0.1498403
0.1602917
0.9717215
0.09753118
0.08239887
0.05595165
0.01086199
0.009979451
0.01258221
0.01181991
0.02233478
0.01058289
0.008199975
0.01081858
0.01359547
0.01060217
0.008852669
0.01088342
0.01304205
0.01281302
0.009979451
0.01227005
0.01263043
0.007385137
0.009738119
0.01787989
0.04014444
0.1083862
0.1278787
0.1185654
0.06903318
0.1326004
0.09747431
0.9916304
0.08515535
0.008442491
0.01227005
0.01208846
0.01492336
0.01112475
0.007828909
0.008985607
0.006480459
0.01052055
0.01227005
0.01711254
0.01039901
0.01646216
0.01060217
0.008654016
0.01325608
0.01039901
0.008592818
0.01350517
0.01478352
0.01136954
0.08736511
0.07020699
0.08777217
0.009496787
0.09159199
0.1167322
0.07906549
0.08388855
0.9999582
0.05482722
0.01057796
0.01139596
0.01227005
0.01542573
0.01204545
0.01006609
0.01148427
0.01216787
0.01283933
0.01247588
0.009768052
0.01082337
0.01142641
0.0105838
0.00954391
0.008331875
0.01006927
0.009012392
0.009673279
0.01169596
0.02691678
0.01279212
0.009346458
0.05593938
0.06406793
0.04292801
0.02419909
0.01115383
0.01597955
0.9424924
0.007625759
0.01045572
0.01237014
0.00868264
0.01187956
0.009738119
0.01227005
0.009979451
0.01088342
0.009253724
0.009338684
0.01088342
0.01233251
0.01957732
0.01190718
0.01062248
0.0112667
0.01076188
0.01190716
0.01287176
0.01173673
0.009310425
0.009498662
0.005277706
0.01283394
0.007867092
0.01171641
0.007021554
0.01407981
0.01163085
0.9999722
0.0190103
0.01294438
0.02269108
0.02961907
0.01759739
0.01540841
0.01442065
0.09490859
0.02951756
0.01046051
0.008920786
0.01157424
0.006844916
0.008410772
0.01344762
0.01347806
0.01335616
0.009431965
0.0148414
0.01088342
0.01341604
0.009133914
0.009822386
0.01003615
0.01088342
0.008110153
0.008893292
0.01227005
0.01088342
0.009496787
0.9483134
0.006964854
0.06849343
0.01236144
0.02557982
0.04044727
0.01763761
0.110057
0.03746492
0.01245086
0.01368817
0.009345276
0.00877106
0.01026328
0.01227005
0.01015769
0.009375246
0.009738119
0.0169339
0.01905633
0.01483425
0.008527979
0.01001827
0.006618787
0.009316051
0.009618181
0.008165124
0.007206186
0.01333791
0.003555694
0.01403514
0.8484393
0.01766993
0.01775839
0.008592818
0.01283216
0.01216539
0.02703881
0.01227005
0.00889085
0.01303054
0.01088342
0.01203098
0.01239245
0.01227005
0.009375246
0.01112475
0.01081858
0.009979451
0.01227005
0.02019675
0.01299328
0.01335616
0.01088342
0.01532671
0.01052055
0.0155683
0.009496787
0.009738119
0.02275109
0.06853878
0.01196952
1
0.01572516
0.03203298
0.07215907
0.01371972
0.06879219
0.04022874
0.02085084
0.0124944
0.009133914
0.01971172
0.01833954
0.01217786
0.007082169
0.01039901
0.01190718
0.02040412
0.009897314
0.01227005
0.01015769
0.02088502
0.01741767
0.01423004
0.01854282
0.00962144
0.01747827
0.01401706
0.01052055
0.02284485
0.02814843
0.02615333
0.997964
0.01088342
0.0124944
0.01529657
0.01088342
0.03237731
0.009738119
0.01470593
0.009415451
0.01588853
0.01459292
0.01411943
0.01335616
0.01461178
0.004291699
0.01718153
0.01765702
0.01088342
0.009868891
0.01243218
0.01073309
0.01224753
0.008845095
0.009012392
0.009738119
0.01980352
0.009456874
0.046205
0.01196952
0.01700127
0.01114003
0.8208128
0.02239312
0.01519231
0.08628548
0.008660498
0.01483421
0.009525864
0.00877106
0.01045572
0.01130368
0.01015769
0.01791678
0.01003615
0.01052055
0.00985598
0.01181557
0.01187839
0.01139596
0.01621019
0.008351486
0.01088342
0.008649519
0.01510481
0.01227005
0.01026878
0.01088342
0.03701494
0.01564614
0.07206836
0.0124944
0.02222249
0.9717429
0.02443277
0.04896352
0.02803419
0.009778322
0.01269161
0.01221086
0.008627559
0.01096521
0.01088342
0.01329743
0.0150744
0.01313629
0.01383749
0.01100636
0.01227005
0.01408995
0.01151754
0.01365301
0.01227005
0.00910103
0.02656445
0.01338163
0.01284343
0.02566801
0.02611311
0.008226286
0.01154689
0.01317586
0.007595789
0.01829741
0.9463811
0.03714282
0.01898493
0.01769011
0.01217845
0.009204798
0.009496787
0.01320647
0.0100985
0.01008586
0.01128453
0.01088342
0.01488827
0.01011006
0.009317618
0
0.01432957
0.01454372
0.009496787
0.01542964
0.008920786
0.01232932
0.01584454
0.03208243
0.10882
0.02414605
0.06886477
0.01052055
0.01088342
0.04712825
0.04696191
0.905293
0.01346648
0.01055048
0.01112475
0.009069093
0.01313336
0.01025066
0.009738119
0.01136721
0.01252333
0.01088413
0.01081858
0.01597955
0.008229947
0.008289104
0.01088342
0.01226991
0.01531329
0.009069093
0.01128746
0.01088342
0.007625759
0.01131397
0.0322699
0.01818193
0.04029553
0.01180538
0.009133914
0.02216051
0.03005596
0.04400679
0.998937
0.01167683
0.01190703
0.008649519
0.00609082
0.01170845
0.01476191
0.01016867
0.01419763
0.01412001
0.008070241
0.0133577
0.01227005
0.01037138
0.01450288
0.01104341
0.01088342
0.01097324
0.01015769
0.0099194
0.01303045
0.008290398
0.01112475
0.01061288
0.01474279
0.01227005
0.01447134
0.01068688
0.01182739
0.01525382
0.01015769
0.9286528
0.2302449
0.1190986
0.06333965
0.1305638
0.01164682
0.01038406
0.03408388
0.01760711
0.03936552
0.008968855
0.01407893
0.01081858
0.01227005
0.009496787
0.0120503
0.01142522
0.007527926
0.01252415
0.008562848
0.01088342
0.01217845
0.01556613
0.0122706
0.01514137
0.01592709
0.01163823
0.01706562
0.01052055
0.0131423
0.2546706
0.9760851
0.1252337
0.01414254
0.07413337
0.1156003
0.04550242
0.0165304
0.06709772
0.02877674
0.008530436
0.01290417
0.009979451
0.01045572
0.01227005
0.00877106
0.01227005
0.01124769
0.009794818
0.008986317
0.009133914
0.009163847
0.01227005
0.01015769
0.0109125
0.01112475
0.007687249
0.009069093
0.01235987
0.01144844
0.1249608
0.1443747
0.8695906
0.05559619
0.1191791
0.1096877
0.03094158
0.08742816
0.07297406
0.06039101
0.01317387
0.01242925
0.01323564
0.01140257
0.01084569
0.01270925
0.008972897
0.01009966
0.007655694
0.009738119
0.01362788
0.01227005
0.01109158
0.01810496
0.01290332
0.007187722
0.008592818
0.009997241
0.01327684
0.01446069
0.06545904
0.01687494
0.05265843
0.975575
0.06780784
0.05245902
0.04397904
0.08371574
0.01456355
0.08775977
0.009375246
0.008472407
0.01241024
0.008649519
0.01213212
0.009375246
0.01088342
0.006117586
0.01055048
0.01187994
0.009738119
0.009616578
0.01013091
0.01127535
0.01052055
0.01187839
0.008408187
0.009999589
0.009253724
0.01377819
0.1419945
0.0821782
0.1255171
0.0685878
0.978636
0.163957
0.05702623
0.102224
0.008527979
0.03608497
0.009617016
0.01430351
0.009738119
0.01257124
0.010942
0.009979451
0.01420078
0.01190718
0.009437591
0.01428043
0.01227005
0.01275313
0.008110153
0.0100985
0.01015769
0.01208655
0.01309567
0.007184755
0.01070066
0.01422538
0.1157947
0.1129294
0.1033091
0.1118276
0.1004785
0.8798867
0.01826516
0.07254062
0.06011321
0.0746117
0.01146858
0.01064194
0.007988614
0.006683609
0.0110625
0.01045572
0.01275182
0.009738119
0.01006927
0.00672352
0.01227005
0.01110629
0.01257287
0.01076188
0.01190718
0.008110153
0.01211971
0.01118145
0.01088342
0.01088342
0.01404947
0.009819001
0.02204008
0.01052055
0.0567489
0.0672734
0.9155031
0.07913892
0.09516706
0.009431965
0.01732634
0.009375246
0.01125536
0.007690435
0.01076188
0.01208846
0.009646513
0.006924941
0.01313336
0.009794818
0.007658024
0.01152819
0.008572334
0.01112475
0.02836574
0.01076188
0.01227306
0.009494292
0.01447294
0.01271446
0.03427374
0.05692712
0.1051963
0.08554759
0.08571527
0.01673404
0.05401176
0.9343883
0.08239142
0.09249357
0.007427617
0.009738119
0.0116373
0.009496787
0.01300426
0.009738119
0.00869473
0.01088342
0.006900032
0.008110153
0.01190718
0.007504219
0.007625759
0.01046135
0.01684229
0.01517245
0.01608434
0.01079571
0.01249119
0.01824051
0.0468652
0.01245017
0.07297406
0.05210747
0.0945245
0.0140575
0.08532694
0.02276342
0.9751744
0.07095062
0.0171701
0.0136866
0.01173003
0.01088342
0.01533469
0.01088342
0.01875349
0.01341761
0.01112475
0.009375246
0.01015769
0.01037224
0.01154432
0.01713772
0.009496787
0.01088342
0.01241056
0.01222998
0.01162386
0.01059689
0.04042137
0.0291288
0.06328101
0.1038501
0.05849695
0.1584787
0.03805349
0.1127466
0.08028157
0.908744
0.9760971
0.08212472
0.1273604
0.1021921
0.0883779
0.1667578
0.1310759
0.02631103
0.08787897
0.01677323
0.01052055
0.009738119
0.009587791
0.01481515
0.01118145
0.01197054
0.01369785
0.01025159
0.01227005
0.009738119
0.007506659
0.009456874
0.008286665
0.01184869
0.01227005
0.005876261
0.007688105
0.01587718
0.008351486
0.01088342
0.09047751
0.9989789
0.1133303
0.09899385
0.1089175
0.1879497
0.1503392
0.09459974
0.02836519
0.009303014
0.00883457
0.01336785
0.01112475
0.009375246
0.009525864
0.01248056
0.01088342
0.01335616
0.01376426
0.01453902
0.01015769
0.009979142
0.0102596
0.01081858
0.01080363
0.01227005
0.00921554
0.01472813
0.03297764
0.009738119
0.05147957
0.1142682
0.9989929
0.2917337
0.1568521
0.1593468
0.1783985
0.113406
0.07093565
0.02478518
0.01181789
0.008286665
0.01347276
0.008573118
0.01088342
0.006964854
0.007021554
0.01027992
0.01213402
0.01088342
0.01484199
0.009738119
0.00653716
0.01856937
0.01232874
0.01064434
0.01227005
0.01438105
0.01112475
0.01245361
0.1042814
0.1412196
0.2855968
0.9405623
0.1609197
0.07495997
0.02496533
0.121083
0.08210195
0.01088342
0.01076188
0.009014904
0.01439355
0.01154432
0.01519364
0.009738119
0.01154432
0.01227005
0.01954473
0.01272275
0.0119702
0.009857165
0.01088342
0.01652926
0.01088342
0.01037224
0.00253193
0.01423161
0.008261045
0.008564013
0.08424485
0.1088065
0.1567423
0.1703223
0.9999964
0.2562453
0.1500975
0.06816769
0.09216677
0.01187956
0.009794818
0.009526302
0.007923792
0.009616578
0.01761576
0.01275426
0.01052055
0.01227005
0.01347633
0.01243159
0.008510116
0.009431965
0.005819556
0.01432059
0.00869291
0.009664284
0.01175685
0.01136663
0.009012392
0.01244898
0.1436476
0.1795766
0.1584921
0.1215817
0.2581641
0.9970312
0.1598927
0.1308548
0.1170308
0.01560834
0.01667441
0.009837426
0.01638765
0.01858788
0.01540399
0.008286665
0.00883528
0.01112475
0.01351785
0.01227005
0.01268755
0.006360666
0.01052055
0.008894584
0.006825452
0.01112475
0.01227005
0.01079181
0.01526564
0.01088342
0.08521498
0.146433
0.1803051
0.1035
0.1498403
0.1602917
0.9717215
0.09753118
0.08239887
0.05595165
0.01086199
0.009979451
0.01258221
0.01181991
0.02233478
0.01058289
0.008199975
0.01081858
0.01359547
0.01060217
0.008852669
0.01088342
0.01304205
0.01281302
0.009979451
0.01227005
0.01263043
0.007385137
0.009738119
0.01787989
0.04014444
0.1083862
0.1278787
0.1185654
0.06903318
0.1326004
0.09747431
0.9916304
0.08515535
0.008442491
0.01227005
0.01208846
0.01492336
0.01112475
0.007828909
0.008985607
0.006480459
0.01052055
0.01227005
0.01711254
0.01039901
0.01646216
0.01060217
0.008654016
0.01325608
0.01039901
0.008592818
0.01350517
0.01478352
0.01136954
0.08736511
0.07020699
0.08777217
0.009496787
0.09159199
0.1167322
0.07906549
0.08388855
0.9999582
0.05482722
0.01057796
0.01139596
0.01227005
0.01542573
0.01204545
0.01006609
0.01148427
0.01216787
0.01283933
0.01247588
0.009768052
0.01082337
0.01142641
0.0105838
0.00954391
0.008331875
0.01006927
0.009012392
0.009673279
0.01169596
0.02691678
0.01279212
0.009346458
0.05593938
0.06406793
0.04292801
0.02419909
0.01115383
0.01597955
0.9424924
0.007625759
0.01045572
0.01237014
0.00868264
0.01187956
0.009738119
0.01227005
0.009979451
0.01088342
0.009253724
0.009338684
0.01088342
0.01233251
0.01957732
0.01190718
0.01062248
0.0112667
0.01076188
0.01190716
0.01287176
0.01173673
0.009310425
0.009498662
0.005277706
0.01283394
0.007867092
0.01171641
0.007021554
0.01407981
0.01163085
0.9999722
0.0190103
0.01294438
0.02269108
0.02961907
0.01759739
0.01540841
0.01442065
0.09490859
0.02951756
0.01046051
0.008920786
0.01157424
0.006844916
0.008410772
0.01344762
0.01347806
0.01335616
0.009431965
0.0148414
0.01088342
0.01341604
0.009133914
0.009822386
0.01003615
0.01088342
0.008110153
0.008893292
0.01227005
0.01088342
0.009496787
0.9483134
0.006964854
0.06849343
0.01236144
0.02557982
0.04044727
0.01763761
0.110057
0.03746492
0.01245086
0.01368817
0.009345276
0.00877106
0.01026328
0.01227005
0.01015769
0.009375246
0.009738119
0.0169339
0.01905633
0.01483425
0.008527979
0.01001827
0.006618787
0.009316051
0.009618181
0.008165124
0.007206186
0.01333791
0.003555694
0.01403514
0.8484393
0.01766993
0.01775839
0.008592818
0.01283216
0.01216539
0.02703881
0.01227005
0.00889085
0.01303054
0.01088342
0.01203098
0.01239245
0.01227005
0.009375246
0.01112475
0.01081858
0.009979451
0.01227005
0.02019675
0.01299328
0.01335616
0.01088342
0.01532671
0.01052055
0.0155683
0.009496787
0.009738119
0.02275109
0.06853878
0.01196952
1
0.01572516
0.03203298
0.07215907
0.01371972
0.06879219
0.04022874
0.02085084
0.0124944
0.009133914
0.01971172
0.01833954
0.01217786
0.007082169
0.01039901
0.01190718
0.02040412
0.009897314
0.01227005
0.01015769
0.02088502
0.01741767
0.01423004
0.01854282
0.00962144
0.01747827
0.01401706
0.01052055
0.02284485
0.02814843
0.02615333
0.997964
0.01088342
0.0124944
0.01529657
0.01088342
0.03237731
0.009738119
0.01470593
0.009415451
0.01588853
0.01459292
0.01411943
0.01335616
0.01461178
0.004291699
0.01718153
0.01765702
0.01088342
0.009868891
0.01243218
0.01073309
0.01224753
0.008845095
0.009012392
0.009738119
0.01980352
0.009456874
0.046205
0.01196952
0.01700127
0.01114003
0.8208128
0.02239312
0.01519231
0.08628548
0.008660498
0.01483421
0.009525864
0.00877106
0.01045572
0.01130368
0.01015769
0.01791678
0.01003615
0.01052055
0.00985598
0.01181557
0.01187839
0.01139596
0.01621019
0.008351486
0.01088342
0.008649519
0.01510481
0.01227005
0.01026878
0.01088342
0.03701494
0.01564614
0.07206836
0.0124944
0.02222249
0.9717429
0.02443277
0.04896352
0.02803419
0.009778322
0.01269161
0.01221086
0.008627559
0.01096521
0.01088342
0.01329743
0.0150744
0.01313629
0.01383749
0.01100636
0.01227005
0.01408995
0.01151754
0.01365301
0.01227005
0.00910103
0.02656445
0.01338163
0.01284343
0.02566801
0.02611311
0.008226286
0.01154689
0.01317586
0.007595789
0.01829741
0.9463811
0.03714282
0.01898493
0.01769011
0.01217845
0.009204798
0.009496787
0.01320647
0.0100985
0.01008586
0.01128453
0.01088342
0.01488827
0.01011006
0.009317618
0
0.01432957
0.01454372
0.009496787
0.01542964
0.008920786
0.01232932
0.01584454
0.03208243
0.10882
0.02414605
0.06886477
0.01052055
0.01088342
0.04712825
0.04696191
0.905293
0.01346648
0.01055048
0.01112475
0.009069093
0.01313336
0.01025066
0.009738119
0.01136721
0.01252333
0.01088413
0.01081858
0.01597955
0.008229947
0.008289104
0.01088342
0.01226991
0.01531329
0.009069093
0.01128746
0.01088342
0.007625759
0.01131397
0.0322699
0.01818193
0.04029553
0.01180538
0.009133914
0.02216051
0.03005596
0.04400679
0.998937
0.01167683
0.01190703
0.008649519
0.00609082
0.01170845
0.01476191
0.01016867
0.01419763
0.01412001
0.008070241
0.0133577
0.01227005
0.01037138
0.01450288
0.01104341
0.01088342
0.01097324
0.01015769
0.0099194
0.01303045
0.008290398
0.01112475
0.01061288
0.01474279
0.01227005
0.01447134
0.01068688
0.01182739
0.01525382
0.01015769
0.9286528
0.2302449
0.1190986
0.06333965
0.1305638
0.01164682
0.01038406
0.03408388
0.01760711
0.03936552
0.008968855
0.01407893
0.01081858
0.01227005
0.009496787
0.0120503
0.01142522
0.007527926
0.01252415
0.008562848
0.01088342
0.01217845
0.01556613
0.0122706
0.01514137
0.01592709
0.01163823
0.01706562
0.01052055
0.0131423
0.2546706
0.9760851
0.1252337
0.01414254
0.07413337
0.1156003
0.04550242
0.0165304
0.06709772
0.02877674
0.008530436
0.01290417
0.009979451
0.01045572
0.01227005
0.00877106
0.01227005
0.01124769
0.009794818
0.008986317
0.009133914
0.009163847
0.01227005
0.01015769
0.0109125
0.01112475
0.007687249
0.009069093
0.01235987
0.01144844
0.1249608
0.1443747
0.8695906
0.05559619
0.1191791
0.1096877
0.03094158
0.08742816
0.07297406
0.06039101
0.01317387
0.01242925
0.01323564
0.01140257
0.01084569
0.01270925
0.008972897
0.01009966
0.007655694
0.009738119
0.01362788
0.01227005
0.01109158
0.01810496
0.01290332
0.007187722
0.008592818
0.009997241
0.01327684
0.01446069
0.06545904
0.01687494
0.05265843
0.975575
0.06780784
0.05245902
0.04397904
0.08371574
0.01456355
0.08775977
0.009375246
0.008472407
0.01241024
0.008649519
0.01213212
0.009375246
0.01088342
0.006117586
0.01055048
0.01187994
0.009738119
0.009616578
0.01013091
0.01127535
0.01052055
0.01187839
0.008408187
0.009999589
0.009253724
0.01377819
0.1419945
0.0821782
0.1255171
0.0685878
0.978636
0.163957
0.05702623
0.102224
0.008527979
0.03608497
0.009617016
0.01430351
0.009738119
0.01257124
0.010942
0.009979451
0.01420078
0.01190718
0.009437591
0.01428043
0.01227005
0.01275313
0.008110153
0.0100985
0.01015769
0.01208655
0.01309567
0.007184755
0.01070066
0.01422538
0.1157947
0.1129294
0.1033091
0.1118276
0.1004785
0.8798867
0.01826516
0.07254062
0.06011321
0.0746117
0.01146858
0.01064194
0.007988614
0.006683609
0.0110625
0.01045572
0.01275182
0.009738119
0.01006927
0.00672352
0.01227005
0.01110629
0.01257287
0.01076188
0.01190718
0.008110153
0.01211971
0.01118145
0.01088342
0.01088342
0.01404947
0.009819001
0.02204008
0.01052055
0.0567489
0.0672734
0.9155031
0.07913892
0.09516706
0.009431965
0.01732634
0.009375246
0.01125536
0.007690435
0.01076188
0.01208846
0.009646513
0.006924941
0.01313336
0.009794818
0.007658024
0.01152819
0.008572334
0.01112475
0.02836574
0.01076188
0.01227306
0.009494292
0.01447294
0.01271446
0.03427374
0.05692712
0.1051963
0.08554759
0.08571527
0.01673404
0.05401176
0.9343883
0.08239142
0.09249357
0.007427617
0.009738119
0.0116373
0.009496787
0.01300426
0.009738119
0.00869473
0.01088342
0.006900032
0.008110153
0.01190718
0.007504219
0.007625759
0.01046135
0.01684229
0.01517245
0.01608434
0.01079571
0.01249119
0.01824051
0.0468652
0.01245017
0.07297406
0.05210747
0.0945245
0.0140575
0.08532694
0.02276342
0.9751744
0.07095062
0.0171701
0.0136866
0.01173003
0.01088342
0.01533469
0.01088342
0.01875349
0.01341761
0.01112475
0.009375246
0.01015769
0.01037224
0.01154432
0.01713772
0.009496787
0.01088342
0.01241056
0.01222998
0.01162386
0.01059689
0.04042137
0.0291288
0.06328101
0.1038501
0.05849695
0.1584787
0.03805349
0.1127466
0.08028157
0.908744
0.9760971
0.08212472
0.1273604
0.1021921
0.0883779
0.1667578
0.1310759
0.02631103
0.08787897
0.01677323
0.01052055
0.009738119
0.009587791
0.01481515
0.01118145
0.01197054
0.01369785
0.01025159
0.01227005
0.009738119
0.007506659
0.009456874
0.008286665
0.01184869
0.01227005
0.005876261
0.007688105
0.01587718
0.008351486
0.01088342
0.09047751
0.9989789
0.1133303
0.09899385
0.1089175
0.1879497
0.1503392
0.09459974
0.02836519
0.009303014
0.00883457
0.01336785
0.01112475
0.009375246
0.009525864
0.01248056
0.01088342
0.01335616
0.01376426
0.01453902
0.01015769
0.009979142
0.0102596
0.01081858
0.01080363
0.01227005
0.00921554
0.01472813
0.03297764
0.009738119
0.05147957
0.1142682
0.9989929
0.2917337
0.1568521
0.1593468
0.1783985
0.113406
0.07093565
0.02478518
0.01181789
0.008286665
0.01347276
0.008573118
0.01088342
0.006964854
0.007021554
0.01027992
0.01213402
0.01088342
0.01484199
0.009738119
0.00653716
0.01856937
0.01232874
0.01064434
0.01227005
0.01438105
0.01112475
0.01245361
0.1042814
0.1412196
0.2855968
0.9405623
0.1609197
0.07495997
0.02496533
0.121083
0.08210195
0.01088342
0.01076188
0.009014904
0.01439355
0.01154432
0.01519364
0.009738119
0.01154432
0.01227005
0.01954473
0.01272275
0.0119702
0.009857165
0.01088342
0.01652926
0.01088342
0.01037224
0.00253193
0.01423161
0.008261045
0.008564013
0.08424485
0.1088065
0.1567423
0.1703223
0.9999964
0.2562453
0.1500975
0.06816769
0.09216677
0.01187956
0.009794818
0.009526302
0.007923792
0.009616578
0.01761576
0.01275426
0.01052055
0.01227005
0.01347633
0.01243159
0.008510116
0.009431965
0.005819556
0.01432059
0.00869291
0.009664284
0.01175685
0.01136663
0.009012392
0.01244898
0.1436476
0.1795766
0.1584921
0.1215817
0.2581641
0.9970312
0.1598927
0.1308548
0.1170308
0.01560834
0.01667441
0.009837426
0.01638765
0.01858788
0.01540399
0.008286665
0.00883528
0.01112475
0.01351785
0.01227005
0.01268755
0.006360666
0.01052055
0.008894584
0.006825452
0.01112475
0.01227005
0.01079181
0.01526564
0.01088342
0.08521498
0.146433
0.1803051
0.1035
0.1498403
0.1602917
0.9717215
0.09753118
0.08239887
0.05595165
0.01086199
0.009979451
0.01258221
0.01181991
0.02233478
0.01058289
0.008199975
0.01081858
0.01359547
0.01060217
0.008852669
0.01088342
0.01304205
0.01281302
0.009979451
0.01227005
0.01263043
0.007385137
0.009738119
0.01787989
0.04014444
0.1083862
0.1278787
0.1185654
0.06903318
0.1326004
0.09747431
0.9916304
0.08515535
0.008442491
0.01227005
0.01208846
0.01492336
0.01112475
0.007828909
0.008985607
0.006480459
0.01052055
0.01227005
0.01711254
0.01039901
0.01646216
0.01060217
0.008654016
0.01325608
0.01039901
0.008592818
0.01350517
0.01478352
0.01136954
0.08736511
0.07020699
0.08777217
0.009496787
0.09159199
0.1167322
0.07906549
0.08388855
0.9999582
0.05482722
0.01057796
0.01139596
0.01227005
0.01542573
0.01204545
0.01006609
0.01148427
0.01216787
0.01283933
0.01247588
0.009768052
0.01082337
0.01142641
0.0105838
0.00954391
0.008331875
0.01006927
0.009012392
0.009673279
0.01169596
0.02691678
0.01279212
0.009346458
0.05593938
0.06406793
0.04292801
0.02419909
0.01115383
0.01597955
0.9424924
0.007625759
0.01045572
0.01237014
0.00868264
0.01187956
0.009738119
0.01227005
0.009979451
0.01088342
0.009253724
0.009338684
0.01088342
0.01233251
0.01957732
0.01190718
0.01062248
0.0112667
0.01076188
0.01190716
0.01287176
0.01173673
0.009310425
0.009498662
0.005277706
0.01283394
0.007867092
0.01171641
0.007021554
0.01407981
0.01163085
0.9999722
0.0190103
0.01294438
0.02269108
0.02961907
0.01759739
0.01540841
0.01442065
0.09490859
0.02951756
0.01046051
0.008920786
0.01157424
0.006844916
0.008410772
0.01344762
0.01347806
0.01335616
0.009431965
0.0148414
0.01088342
0.01341604
0.009133914
0.009822386
0.01003615
0.01088342
0.008110153
0.008893292
0.01227005
0.01088342
0.009496787
0.9483134
0.006964854
0.06849343
0.01236144
0.02557982
0.04044727
0.01763761
0.110057
0.03746492
0.01245086
0.01368817
0.009345276
0.00877106
0.01026328
0.01227005
0.01015769
0.009375246
0.009738119
0.0169339
0.01905633
0.01483425
0.008527979
0.01001827
0.006618787
0.009316051
0.009618181
0.008165124
0.007206186
0.01333791
0.003555694
0.01403514
0.8484393
0.01766993
0.01775839
0.008592818
0.01283216
0.01216539
0.02703881
0.01227005
0.00889085
0.01303054
0.01088342
0.01203098
0.01239245
0.01227005
0.009375246
0.01112475
0.01081858
0.009979451
0.01227005
0.02019675
0.01299328
0.01335616
0.01088342
0.01532671
0.01052055
0.0155683
0.009496787
0.009738119
0.02275109
0.06853878
0.01196952
1
0.01572516
0.03203298
0.07215907
0.01371972
0.06879219
0.04022874
0.02085084
0.0124944
0.009133914
0.01971172
0.01833954
0.01217786
0.007082169
0.01039901
0.01190718
0.02040412
0.009897314
0.01227005
0.01015769
0.02088502
0.01741767
0.01423004
0.01854282
0.00962144
0.01747827
0.01401706
0.01052055
0.02284485
0.02814843
0.02615333
0.997964
0.01088342
0.0124944
0.01529657
0.01088342
0.03237731
0.009738119
0.01470593
0.009415451
0.01588853
0.01459292
0.01411943
0.01335616
0.01461178
0.004291699
0.01718153
0.01765702
0.01088342
0.009868891
0.01243218
0.01073309
0.01224753
0.008845095
0.009012392
0.009738119
0.01980352
0.009456874
0.046205
0.01196952
0.01700127
0.01114003
0.8208128
0.02239312
0.01519231
0.08628548
0.008660498
0.01483421
0.009525864
0.00877106
0.01045572
0.01130368
0.01015769
0.01791678
0.01003615
0.01052055
0.00985598
0.01181557
0.01187839
0.01139596
0.01621019
0.008351486
0.01088342
0.008649519
0.01510481
0.01227005
0.01026878
0.01088342
0.03701494
0.01564614
0.07206836
0.0124944
0.02222249
0.9717429
0.02443277
0.04896352
0.02803419
0.009778322
0.01269161
0.01221086
0.008627559
0.01096521
0.01088342
0.01329743
0.0150744
0.01313629
0.01383749
0.01100636
0.01227005
0.01408995
0.01151754
0.01365301
0.01227005
0.00910103
0.02656445
0.01338163
0.01284343
0.02566801
0.02611311
0.008226286
0.01154689
0.01317586
0.007595789
0.01829741
0.9463811
0.03714282
0.01898493
0.01769011
0.01217845
0.009204798
0.009496787
0.01320647
0.0100985
0.01008586
0.01128453
0.01088342
0.01488827
0.01011006
0.009317618
0
0.01432957
0.01454372
0.009496787
0.01542964
0.008920786
0.01232932
0.01584454
0.03208243
0.10882
0.02414605
0.06886477
0.01052055
0.01088342
0.04712825
0.04696191
0.905293
0.01346648
0.01055048
0.01112475
0.009069093
0.01313336
0.01025066
0.009738119
0.01136721
0.01252333
0.01088413
0.01081858
0.01597955
0.008229947
0.008289104
0.01088342
0.01226991
0.01531329
0.009069093
0.01128746
0.01088342
0.007625759
0.01131397
0.0322699
0.01818193
0.04029553
0.01180538
0.009133914
0.02216051
0.03005596
0.04400679
0.998937
0.01167683
0.01190703
0.008649519
0.00609082
0.01170845
0.01476191
0.01016867
0.01419763
0.01412001
0.008070241
0.0133577
0.01227005
0.01037138
0.01450288
0.01104341
0.01088342
0.01097324
0.01015769
0.0099194
0.01303045
0.008290398
0.01112475
0.01061288
0.01474279
0.01227005
0.01447134
0.01068688
0.01182739
0.01525382
0.01015769
0.9286528
0.2302449
0.1190986
0.06333965
0.1305638
0.01164682
0.01038406
0.03408388
0.01760711
0.03936552
0.008968855
0.01407893
0.01081858
0.01227005
0.009496787
0.0120503
0.01142522
0.007527926
0.01252415
0.008562848
0.01088342
0.01217845
0.01556613
0.0122706
0.01514137
0.01592709
0.01163823
0.01706562
0.01052055
0.0131423
0.2546706
0.9760851
0.1252337
0.01414254
0.07413337
0.1156003
0.04550242
0.0165304
0.06709772
0.02877674
0.008530436
0.01290417
0.009979451
0.01045572
0.01227005
0.00877106
0.01227005
0.01124769
0.009794818
0.008986317
0.009133914
0.009163847
0.01227005
0.01015769
0.0109125
0.01112475
0.007687249
0.009069093
0.01235987
0.01144844
0.1249608
0.1443747
0.8695906
0.05559619
0.1191791
0.1096877
0.03094158
0.08742816
0.07297406
0.06039101
0.01317387
0.01242925
0.01323564
0.01140257
0.01084569
0.01270925
0.008972897
0.01009966
0.007655694
0.009738119
0.01362788
0.01227005
0.01109158
0.01810496
0.01290332
0.007187722
0.008592818
0.009997241
0.01327684
0.01446069
0.06545904
0.01687494
0.05265843
0.975575
0.06780784
0.05245902
0.04397904
0.08371574
0.01456355
0.08775977
0.009375246
0.008472407
0.01241024
0.008649519
0.01213212
0.009375246
0.01088342
0.006117586
0.01055048
0.01187994
0.009738119
0.009616578
0.01013091
0.01127535
0.01052055
0.01187839
0.008408187
0.009999589
0.009253724
0.01377819
0.1419945
0.0821782
0.1255171
0.0685878
0.978636
0.163957
0.05702623
0.102224
0.008527979
0.03608497
0.009617016
0.01430351
0.009738119
0.01257124
0.010942
0.009979451
0.01420078
0.01190718
0.009437591
0.01428043
0.01227005
0.01275313
0.008110153
0.0100985
0.01015769
0.01208655
0.01309567
0.007184755
0.01070066
0.01422538
0.1157947
0.1129294
0.1033091
0.1118276
0.1004785
0.8798867
0.01826516
0.07254062
0.06011321
0.0746117
0.01146858
0.01064194
0.007988614
0.006683609
0.0110625
0.01045572
0.01275182
0.009738119
0.01006927
0.00672352
0.01227005
0.01110629
0.01257287
0.01076188
0.01190718
0.008110153
0.01211971
0.01118145
0.01088342
0.01088342
0.01404947
0.009819001
0.02204008
0.01052055
0.0567489
0.0672734
0.9155031
0.07913892
0.09516706
0.009431965
0.01732634
0.009375246
0.01125536
0.007690435
0.01076188
0.01208846
0.009646513
0.006924941
0.01313336
0.009794818
0.007658024
0.01152819
0.008572334
0.01112475
0.02836574
0.01076188
0.01227306
0.009494292
0.01447294
0.01271446
0.03427374
0.05692712
0.1051963
0.08554759
0.08571527
0.01673404
0.05401176
0.9343883
0.08239142
0.09249357
0.007427617
0.009738119
0.0116373
0.009496787
0.01300426
0.009738119
0.00869473
0.01088342
0.006900032
0.008110153
0.01190718
0.007504219
0.007625759
0.01046135
0.01684229
0.01517245
0.01608434
0.01079571
0.01249119
0.01824051
0.0468652
0.01245017
0.07297406
0.05210747
0.0945245
0.0140575
0.08532694
0.02276342
0.9751744
0.07095062
0.0171701
0.0136866
0.01173003
0.01088342
0.01533469
0.01088342
0.01875349
0.01341761
0.01112475
0.009375246
0.01015769
0.01037224
0.01154432
0.01713772
0.009496787
0.01088342
0.01241056
0.01222998
0.01162386
0.01059689
0.04042137
0.0291288
0.06328101
0.1038501
0.05849695
0.1584787
0.03805349
0.1127466
0.08028157
0.908744
