66.86591
41.39212
47.797
46.31797
35.97837
43.00475
40.73459
44.60655
28.95162
12.14405
11.92238
12.05492
12.81646
13.52245
11.25778
12.01931
15.26078
13.95964
16.57583
9.801834
12.30939
12.18746
12.02194
12.48463
12.41788
14.45561
11.92238
10.96156
12.61717
10.89481
26.50768
123.9096
30.67022
50.79214
39.82278
55.19166
67.51359
38.09213
14.77939
15.68864
12.30243
12.33468
11.82312
13.44546
7.915402
12.05492
13.94295
11.88678
12.18746
11.09409
14.21626
11.68749
11.37087
11.5896
12.01931
8.992307
11.3155
12.64831
11.57978
10.68571
43.63706
61.82202
105.5609
64.65773
61.91334
58.24836
53.63704
46.71459
12.94923
13.16961
15.64196
13.67666
11.98681
14.26378
10.94034
11.85563
13.23635
12.38538
12.05492
12.16498
12.63361
12.41788
12.41788
10.20002
12.64831
12.48463
12.52946
11.42592
12.42007
11.60865
13.11121
54.42625
86.98691
138.7465
20.16542
68.55129
72.71587
11.01207
33.38196
13.0975
11.42592
13.84266
9.571017
12.05492
12.05492
11.77807
17.23011
11.97198
15.01296
13.9349
12.48463
11.64164
13.39468
12.18746
13.16297
11.85563
11.02735
14.38078
13.01494
12.29831
41.11086
93.98006
48.72811
21.02611
217.7542
108.117
15.2277
32.31281
13.86339
34.16019
10.49624
12.8476
13.44546
14.0926
12.68392
13.24617
12.08606
11.65635
13.49605
14.49372
16.37408
12.58522
14.27491
9.60319
11.76792
15.20844
12.2186
11.88678
11.23091
13.49629
39.71537
105.2577
50.24279
57.05551
119.1293
161.3071
52.54114
43.93554
37.53561
18.27642
12.68392
13.44546
11.98817
11.66411
10.63012
11.92238
12.61717
14.3555
11.68749
11.16084
13.62733
11.09409
12.05492
12.45166
11.42592
14.84753
12.77179
11.09409
13.20562
12.64831
38.45744
60.57385
74.5126
60.89242
30.78398
61.45616
114.9633
57.13529
38.61683
12.38491
11.50639
14.35597
12.48463
14.18499
12.65141
11.92238
12.61717
11.02735
12.2988
12.18746
13.34573
13.72433
12.53587
13.55599
13.23287
11.5091
14.91949
12.18746
11.22663
15.60762
34.59052
51.56205
45.05714
18.64746
31.41229
46.91717
39.69175
73.65579
28.43858
14.4719
12.45341
12.44903
12.44903
11.78983
11.92238
10.49624
11.42592
12.68392
13.6046
12.138
14.79622
11.29338
12.9986
11.59223
10.14249
12.08606
9.69274
11.22663
11.45706
10.56298
31.75383
37.2477
46.09712
47.48239
35.74467
50.99542
41.01136
35.94199
120.1707
11.92238
12.2186
12.28535
12.28535
12.68384
11.16084
8.477654
12.68392
10.47168
12.32062
11.22663
11.57314
13.04727
12.05492
11.92238
12.28535
8.79302
12.41788
11.48089
12.05492
12.73325
16.18774
16.14084
17.67553
13.65459
19.54228
14.19153
13.44546
14.87926
24.02545
72.75879
11.69059
8.809867
12.18746
13.59017
10.89481
12.81646
11.90046
12.41788
11.16084
12.68392
12.05492
11.45706
12.81646
12.64831
11.92238
11.29338
12.701
11.50309
12.05492
12.18769
13.63906
14.75576
13.54533
12.09526
11.68538
10.42463
11.92238
12.86697
14.1728
10.76227
23.43009
13.47912
12.05492
16.73572
12.68392
10.14249
13.57887
13.65549
12.81646
23.79442
12.68392
15.63923
12.05492
11.88941
13.83485
12.41923
9.105699
12.05492
12.18746
12.44903
12.02309
11.9573
12.80152
12.12641
12.83752
12.50996
10.59851
13.63059
12.81646
14.53116
10.77871
128.1762
11.29338
22.10738
13.59374
21.10787
27.0782
12.41788
19.48747
20.06334
12.68392
11.41628
12.68392
14.56175
13.44546
10.40852
10.49624
12.44903
12.18746
12.08606
12.05424
12.71884
15.42798
13.45576
12.43895
13.80482
11.16084
12.33586
12.44903
14.52156
12.01931
13.97473
27.57176
12.36758
12.01931
17.38764
13.32063
10.33256
15.58708
12.05492
10.8116
12.35334
16.32887
12.8476
11.29338
10.49624
12.81646
12.93254
11.73231
12.18609
11.3283
17.74463
14.26615
13.17454
12.738
11.61461
13.44546
12.89811
12.73563
14.78539
12.68392
36.52163
11.29338
76.93476
11.43129
12.18746
34.4349
11.85563
30.70773
20.7878
13.44538
11.29338
10.89481
15.28943
11.25912
9.646984
10.69552
9.637765
12.68392
12.40143
10.43423
12.22238
12.28169
11.26698
14.02954
11.97355
13.77656
17.67041
12.81646
12.68995
13.94295
12.81646
12.08606
13.44546
59.70793
13.03218
12.44903
12.60136
16.30352
15.88769
12.48463
12.68392
11.5242
11.9223
14.09218
10.66438
13.12569
13.3567
11.92238
13.04689
12.95156
13.48038
13.00858
11.70058
11.31444
12.84178
11.29155
12.86697
11.63313
13.16297
12.1381
16.35588
13.1803
15.00995
12.05492
17.0784
12.89964
14.8644
29.11229
12.68392
10.89481
12.41788
9.124845
13.8812
13.42557
10.0886
11.3026
11.85563
11.85563
12.68392
12.65209
13.39812
12.11599
12.94157
12.66938
15.6708
11.13626
14.66085
13.24617
13.44546
18.34842
12.01931
11.45706
29.3604
12.89917
40.28604
130.8792
20.10216
17.75691
24.9994
12.89693
11.65635
13.36439
10.69552
10.89481
8.721765
11.87207
11.00598
13.43369
11.49765
10.78215
11.49198
13.2761
12.05966
12.24113
8.273447
13.53778
12.59464
14.50456
13.13136
12.1825
11.29338
12.18746
15.30186
12.68392
15.70852
14.09675
75.01768
24.05396
13.86
12.52946
12.64831
10.26715
13.39362
10.49624
9.248413
11.32452
11.40946
12.48463
12.68392
12.88252
12.71884
12.71385
16.66087
14.48128
12.6425
13.04862
12.13496
12.77232
12.42
17.15571
28.69618
9.637765
20.10957
11.12524
14.32829
12.43997
13.28041
90.76826
22.59707
12.82752
13.72697
12.1381
19.52034
11.16084
11.31046
9.867237
11.97772
12.5842
12.48463
11.69127
11.55873
12.11258
11.56415
11.83916
13.58959
12.05492
12.97541
12.2186
12.52946
13.44546
24.15986
11.44805
45.97136
11.5091
10.56298
34.59586
11.69059
28.9163
117.8089
14.064
13.46189
13.34676
11.25778
11.92238
13.44546
12.08606
11.92238
11.76792
12.64831
12.51956
14.8749
12.85999
12.68866
13.54372
11.67963
12.28535
12.89811
12.48463
11.77807
11.22527
12.28574
11.82201
13.33839
10.69552
12.41788
13.67047
12.6681
14.22343
13.13136
85.88643
45.40359
21.03026
11.09409
49.20573
19.44633
11.97736
10.58006
15.48272
13.39515
14.66385
11.75806
13.04089
16.56266
11.86005
13.41923
11.78889
12.23797
12.52946
14.44669
11.68749
13.65114
12.35287
12.05492
12.08606
11.75733
12.84169
11.98905
10.37738
15.44996
14.34993
84.32653
16.94586
11.69059
24.55248
52.87691
11.05849
14.57169
12.81646
51.48731
11.46084
11.9573
13.47539
12.2278
12.06418
14.92049
11.68071
12.26186
12.53397
12.28535
12.02194
14.10727
12.56149
13.18077
11.29386
9.615842
11.84581
9.51349
11.45706
13.98385
66.09171
13.8644
42.15072
22.23973
35.20387
11.29338
11.25778
12.50107
11.72329
13.87984
12.65209
11.30768
12.51457
12.52498
9.867334
11.63022
13.06507
11.74855
8.97316
11.29338
12.35248
11.02644
11.22663
12.02194
11.00638
11.42592
13.43026
12.70036
14.01006
12.68501
28.89163
11.92238
20.32037
60.14775
12.44903
27.15029
12.98148
12.72866
13.14779
20.21412
12.08984
12.71884
13.47539
11.13444
11.89825
12.70925
12.28535
13.91972
12.64831
12.8476
11.37656
12.51887
11.88987
11.22663
12.05492
9.637765
11.75733
12.58377
15.3677
10.74035
33.31684
41.64743
13.98763
13.53418
23.22837
12.05492
12.68392
12.10378
10.69552
24.54918
11.85771
13.29593
12.44808
12.68866
12.23966
13.47079
11.16084
12.69651
12.48463
12.81646
11.19103
13.39451
15.36739
18.27016
11.16084
11.52632
13.44546
11.29338
14.17338
16.39404
19.32278
12.49066
11.05849
24.78948
12.25451
51.50143
11.16084
10.3993
11.542
20.363
10.75587
12.47226
11.59857
12.09526
12.06349
12.93763
12.94923
12.23203
15.03536
13.16929
12.96432
10.96156
10.17315
12.25284
12.05492
11.19103
14.12317
11.52381
12.41788
12.68392
10.82806
11.29338
12.48659
11.82003
12.81646
15.71616
12.81646
12.81646
10.53184
15.92585
11.49198
15.15433
12.88363
12.52498
12.30636
12.04464
12.68392
12.13061
12.45277
10.40852
12.30178
10.48153
12.52946
13.85949
10.53184
11.05849
17.52099
12.18746
13.98513
15.32784
12.33468
12.27921
11.6584
12.68392
12.97192
21.20634
11.45706
29.11325
11.25778
14.3555
12.65209
12.94308
22.60233
12.34785
12.83752
12.94539
16.56821
11.8391
13.14841
13.44546
11.09409
15.16812
11.16084
12.98148
12.7822
10.69552
12.68392
12.88137
13.64505
12.12094
13.04689
15.27539
13.38885
10.69694
11.09409
12.00634
12.18746
13.95345
12.64831
12.15551
12.71884
12.30522
12.71385
11.88643
12.27338
13.24535
13.99789
13.84935
12.93252
14.10701
10.16441
12.33017
14.46126
16.6579
12.64831
11.42592
19.08786
12.74021
11.50189
15.56588
18.75254
16.00736
12.08606
11.9316
11.21582
35.26746
14.78822
12.68392
12.05492
33.96228
