0.2809324
0.1595354
0.1900583
0.1830099
0.1337359
0.1672205
0.1564019
0.174854
0.1002494
0.02015189
0.01909551
0.01972714
0.0233563
0.02672074
0.01592831
0.01955743
0.03500487
0.0288042
0.04127182
0.008989912
0.02093983
0.02035876
0.01956997
0.02177494
0.02145684
0.03116778
0.01909551
0.01451666
0.02240657
0.01419856
0.08860268
0.5527776
0.1084395
0.2043318
0.1520566
0.225298
0.2840189
0.1438091
0.03271077
0.03704385
0.02090666
0.02106035
0.01862248
0.02635384
0
0.01972714
0.02872466
0.01892585
0.02035876
0.01514824
0.03002714
0.01797613
0.01646725
0.01750962
0.01955743
0.005132058
0.01620338
0.02255497
0.01746282
0.01320208
0.1702338
0.2568954
0.4653358
0.2704091
0.2573306
0.2398649
0.2178893
0.1849
0.02398903
0.02503926
0.0368214
0.02745564
0.01940255
0.03025359
0.01441553
0.0187774
0.02535731
0.02130196
0.01972714
0.02025163
0.02248492
0.02145684
0.02145684
0.01088749
0.02255497
0.02177494
0.02198858
0.01672959
0.02146728
0.01760041
0.02476095
0.2216504
0.3768202
0.6234839
0.05837823
0.2889642
0.3088107
0.01475736
0.1213625
0.02469561
0.01672959
0.02824672
0.007889939
0.01972714
0.01972714
0.01840779
0.04438983
0.01933188
0.03382386
0.0286863
0.02177494
0.01775762
0.02611184
0.02035876
0.02500761
0.0187774
0.01483019
0.03081117
0.02430217
0.02088703
0.158195
0.4101465
0.1944955
0.06247991
1
0.477517
0.03484722
0.1162674
0.02834551
0.1250712
0.01229914
0.0235047
0.02635384
0.02943783
0.02272467
0.02540411
0.01987553
0.01782773
0.02659493
0.03134939
0.04031037
0.02225431
0.03030664
0.008043262
0.01835942
0.03475543
0.02050716
0.01892585
0.01580026
0.02659607
0.1515447
0.4638909
0.2017138
0.2341803
0.5299969
0.7309978
0.2126668
0.1716562
0.141157
0.04937609
0.02272467
0.02635384
0.01940903
0.01786471
0.01293716
0.01909551
0.02240657
0.03069069
0.01797613
0.01546634
0.02722055
0.01514824
0.01972714
0.02161782
0.01672959
0.03303549
0.02314342
0.01514824
0.02521087
0.02255497
0.14555
0.2509471
0.3173732
0.2524653
0.1089816
0.2551519
0.5101435
0.2345605
0.1463096
0.02129972
0.01711308
0.03069293
0.02177494
0.02987812
0.02256975
0.01909551
0.02240657
0.01483019
0.02088936
0.02035876
0.02587857
0.02768281
0.02201913
0.02688058
0.02534073
0.01712599
0.03337842
0.02035876
0.01577987
0.03665775
0.127122
0.2080009
0.1770013
0.0511443
0.1119759
0.1858654
0.1514322
0.31329
0.09780449
0.0312454
0.02162616
0.02160529
0.02160529
0.01846383
0.01909551
0.01229914
0.01672959
0.02272467
0.02711223
0.02012306
0.03279097
0.01609797
0.0242243
0.01752215
0.01061333
0.01987553
0.008470018
0.01577987
0.01687799
0.0126172
0.1136035
0.1397849
0.1819574
0.188559
0.1326221
0.2053005
0.1577209
0.1335625
0.5349597
0.01909551
0.02050716
0.02082526
0.02082526
0.02272429
0.01546634
0.00267945
0.02272467
0.0121821
0.02099334
0.01577987
0.01743118
0.02445624
0.01972714
0.01909551
0.02082526
0.004182345
0.02145684
0.01699156
0.01972714
0.02295976
0.03942235
0.03919885
0.0465125
0.02735046
0.05540862
0.02990928
0.02635384
0.0331867
0.07677345
0.3090152
0.0179909
0.004262629
0.02035876
0.02704346
0.01419856
0.0233563
0.01899105
0.02145684
0.01546634
0.02272467
0.01972714
0.01687799
0.0233563
0.02255497
0.01909551
0.01609797
0.02280607
0.01709735
0.01972714
0.02035986
0.02727645
0.03259816
0.02682978
0.01991937
0.01796607
0.01195789
0.01909551
0.02359701
0.02982002
0.01356693
0.07393622
0.02651425
0.01972714
0.04203378
0.02272467
0.01061333
0.02698961
0.02735475
0.0233563
0.07567246
0.02272467
0.03680839
0.01972714
0.01893839
0.0282095
0.02146328
0.005672434
0.01972714
0.02035876
0.02160529
0.01957545
0.01926192
0.02328511
0.02006782
0.02345666
0.02189566
0.01278652
0.02723609
0.0233563
0.03152781
0.01364528
0.5731104
0.01609797
0.06763276
0.02706048
0.06286954
0.09132152
0.02145684
0.05514742
0.05789176
0.02272467
0.01668365
0.02272467
0.03167359
0.02635384
0.01188111
0.01229914
0.02160529
0.02035876
0.01987553
0.01972389
0.02289109
0.03580167
0.02640293
0.02155725
0.02806639
0.01546634
0.02106597
0.02160529
0.03148206
0.01955743
0.02887611
0.09367362
0.02121714
0.01955743
0.04514055
0.02575896
0.01151912
0.03655986
0.01972714
0.01380201
0.02114927
0.04009492
0.0235047
0.01609797
0.01229914
0.0233563
0.02390949
0.01818972
0.02035224
0.01626438
0.04684181
0.03026489
0.02506275
0.02298239
0.01762881
0.02635384
0.02374541
0.0229711
0.03273936
0.02272467
0.1363248
0.01609797
0.3289161
0.01675518
0.02035876
0.1263803
0.0187774
0.1086183
0.06134422
0.02635346
0.01609797
0.01419856
0.03514139
0.0159347
0.008251964
0.01324883
0.008208029
0.02272467
0.02137845
0.01200363
0.02052517
0.02080782
0.01597216
0.02913731
0.01933936
0.02793172
0.04648811
0.0233563
0.02275341
0.02872466
0.0233563
0.01987553
0.02635384
0.2468206
0.02438433
0.02160529
0.02233123
0.0399741
0.03799244
0.02177494
0.02272467
0.01719796
0.01909513
0.02943583
0.01310043
0.02482996
0.02593085
0.01909551
0.02445443
0.02400013
0.02652025
0.02427186
0.0180385
0.01619833
0.02347696
0.01608925
0.02359701
0.01771707
0.02500761
0.02012353
0.04022363
0.0250902
0.03380951
0.01972714
0.04366684
0.0237527
0.03311589
0.1010151
0.02272467
0.01419856
0.02145684
0.005763675
0.02843039
0.02625905
0.01035651
0.0161419
0.0187774
0.0187774
0.02272467
0.02257299
0.02612824
0.02001817
0.02395252
0.02265538
0.03695884
0.0153492
0.03214585
0.02540411
0.02635384
0.0497192
0.01955743
0.01687799
0.1021975
0.02375046
0.1542643
0.5859917
0.05807676
0.04690033
0.08141486
0.02373978
0.01782773
0.0259675
0.01324883
0.01419856
0.003842772
0.01885575
0.01472834
0.02629775
0.01707143
0.01366167
0.01704441
0.02554674
0.01974972
0.02061453
0.001706286
0.0267938
0.0222992
0.03140105
0.02485698
0.02033512
0.01609797
0.02035876
0.03520063
0.02272467
0.0371386
0.0294576
0.3197801
0.07690932
0.02832936
0.02198858
0.02255497
0.0112074
0.02610679
0.01229914
0.006352548
0.01624637
0.01665115
0.02177494
0.02272467
0.02367111
0.02289109
0.02286731
0.04167708
0.03129011
0.02252728
0.02446268
0.02010857
0.02314595
0.02146695
0.04403527
0.09903211
0.008208029
0.05811207
0.01529669
0.03056102
0.02156211
0.02556728
0.3948405
0.06996642
0.02340901
0.02769539
0.02012353
0.05530407
0.01546634
0.01617936
0.009301594
0.01935923
0.02224945
0.02177494
0.01799414
0.01736251
0.02000192
0.01738834
0.01869892
0.0270407
0.01972714
0.02411379
0.02050716
0.02198858
0.02635384
0.07741399
0.01683505
0.1813581
0.01712599
0.0126172
0.1271474
0.0179909
0.1000811
0.5237044
0.02930153
0.02643214
0.02588348
0.01592831
0.01909551
0.02635384
0.01987553
0.01909551
0.01835942
0.02255497
0.0219414
0.03316592
0.02356375
0.02274726
0.02682211
0.01793867
0.02082526
0.02374541
0.02177494
0.01840779
0.01577339
0.02082712
0.01861719
0.02584359
0.01324883
0.02145684
0.02742614
0.02264928
0.0300613
0.02485698
0.3715758
0.1786523
0.06249968
0.01514824
0.1967717
0.05495136
0.01935752
0.0126986
0.03606253
0.02611409
0.03216016
0.01831243
0.02442583
0.04120905
0.01879847
0.02622884
0.01845935
0.02059947
0.02198858
0.03112526
0.01797613
0.02733402
0.02114703
0.01972714
0.01987553
0.01830895
0.02347654
0.01941323
0.01173271
0.03590641
0.03066415
0.3641421
0.04303522
0.0179909
0.07928505
0.2142669
0.01497858
0.03172096
0.0233563
0.2076447
0.01689601
0.01926192
0.02649648
0.02055101
0.01977126
0.03338319
0.01794381
0.02071332
0.02201008
0.02082526
0.01956997
0.02950774
0.02214123
0.02509244
0.01610026
0.008103553
0.01873061
0.007615788
0.01687799
0.02891957
0.2772429
0.02835033
0.1631506
0.06826349
0.1300449
0.01609797
0.01592831
0.02185329
0.01814673
0.02842391
0.02257299
0.01616612
0.02191763
0.02196723
0.009302057
0.0177032
0.02454107
0.01826711
0.005040812
0.01609797
0.02114517
0.01482585
0.01577987
0.01956997
0.01473025
0.01672959
0.0262814
0.02280302
0.02904448
0.02272987
0.09996354
0.01909551
0.05911665
0.2489166
0.02160529
0.09166507
0.02414271
0.02293788
0.02493528
0.05861032
0.01989355
0.02289109
0.02649648
0.01534053
0.01898051
0.02284539
0.02082526
0.02861395
0.02255497
0.0235047
0.01649437
0.02193812
0.01894058
0.01577987
0.01972714
0.008208029
0.01830895
0.0222474
0.0355144
0.01346247
0.1210522
0.1607521
0.02893759
0.02677664
0.07297492
0.01972714
0.02272467
0.01995998
0.01324883
0.07926931
0.01878732
0.02564125
0.02160076
0.02274726
0.02060753
0.02647455
0.01546634
0.02278467
0.02177494
0.0233563
0.01561021
0.02611104
0.03551292
0.04934626
0.01546634
0.01720806
0.02635384
0.01609797
0.02982279
0.04040548
0.05436258
0.02180368
0.01497858
0.08041448
0.02067829
0.207712
0.01546634
0.01183717
0.01728278
0.05931982
0.01353643
0.021716
0.01755237
0.01991937
0.01976798
0.02393374
0.02398903
0.02057116
0.03393061
0.02503773
0.02406094
0.01451666
0.01075944
0.02067033
0.01972714
0.01561021
0.02958351
0.0171961
0.02145684
0.02272467
0.01388046
0.01609797
0.02178429
0.01860775
0.0233563
0.037175
0.0233563
0.0233563
0.0124688
0.03817429
0.01704441
0.03449757
0.0236764
0.02196723
0.02092539
0.01967814
0.02272467
0.02008784
0.02162311
0.01188111
0.02090356
0.01222905
0.02198858
0.02832693
0.0124688
0.01497858
0.04577604
0.02035876
0.02892567
0.03532444
0.02106035
0.020796
0.01783749
0.02272467
0.02409716
0.06333881
0.01687799
0.1010197
0.01592831
0.03069069
0.02257299
0.02395972
0.06999148
0.02112311
0.02345666
0.02397072
0.04123551
0.01869863
0.02493823
0.02635384
0.01514824
0.03456329
0.01546634
0.02414271
0.02319303
0.01324883
0.02272467
0.02366563
0.027305
0.02004176
0.02445443
0.03507448
0.02608406
0.0132556
0.01514824
0.01949562
0.02035876
0.0287747
0.02255497
0.0202065
0.02289109
0.02091995
0.02286731
0.01892418
0.02076822
0.0254002
0.02898648
0.0282786
0.02390939
0.0295065
0.01071779
0.02103885
0.0311947
0.04166292
0.02255497
0.01672959
0.05324305
0.02299293
0.01709164
0.03645884
0.05164507
0.03856274
0.01987553
0.01913944
0.01572835
0.130348
0.03275285
0.02272467
0.01972714
0.124128
