542.7803
51.80972
76.65319
62.83077
55.24397
98.29031
78.69373
21.15678
54.96996
15.91861
12.48463
12.05492
11.97236
14.84323
12.8476
13.28097
14.22961
12.33692
13.44546
12.05492
10.8294
11.90046
11.25778
13.21405
13.44546
9.933984
10.92905
15.4265
11.29338
12.68392
56.39708
555.347
68.94787
61.07426
66.52432
109.9289
89.27321
58.66101
22.28493
11.81596
11.55869
14.04837
12.81646
11.85563
11.93835
13.56107
12.68392
14.04195
14.26608
14.69158
12.28535
12.18729
12.34132
12.64831
12.6401
13.44546
11.76792
14.79544
24.81809
12.05492
34.97937
69.46294
555.3547
166.9272
92.85005
94.22015
104.6834
68.9894
45.66467
20.31878
13.19713
11.25778
14.10599
11.4151
12.68392
10.53184
10.56298
12.35248
13.37075
12.68392
14.85797
12.05492
10.29695
16.90505
13.47769
12.55262
13.44546
14.60482
12.81646
13.54627
63.97819
84.26466
163.5568
523.2645
95.08398
47.87483
20.41772
73.20563
51.79721
12.68392
12.61717
11.65773
14.61169
13.04689
15.0511
12.05492
13.04689
13.44546
17.44072
13.69408
13.28078
12.1203
12.68392
15.78462
12.68392
12.40318
8.097274
14.52275
11.24371
11.4101
52.9741
66.46339
92.78976
100.2479
555.9058
147.4369
89.14044
44.1445
57.32482
13.231
12.08606
11.93859
11.05849
11.98817
16.38133
13.71139
12.48463
13.44546
14.10795
13.53418
11.3805
11.88678
9.902842
14.57162
11.48089
12.01437
13.16361
12.9493
11.65635
13.54373
85.59813
105.3304
93.75077
73.47955
148.4907
554.2773
94.52
78.57234
70.98019
15.27885
15.86434
12.10946
15.70685
16.91522
15.16662
11.25778
11.55908
12.81646
14.13075
13.44546
13.67475
10.20002
12.48463
11.59165
10.45528
12.81646
13.44546
12.63361
15.09064
12.68392
53.50689
87.12791
105.7305
63.54903
88.99915
94.7391
540.3772
60.27096
51.96028
37.43544
12.67215
12.18746
13.6169
13.19824
18.97302
12.51887
11.21017
12.64831
14.17338
12.52946
11.56863
12.68392
13.86944
13.74366
12.18746
13.44546
13.64338
10.76266
12.05492
16.52639
28.7541
66.23253
76.93785
71.82298
44.61983
79.53102
60.23973
551.3112
53.47414
11.34336
13.44546
13.34573
14.90266
12.81646
11.00638
11.64164
10.26581
12.48463
13.44546
16.10496
12.41788
15.74777
12.52946
11.45953
13.98699
12.41788
11.42592
14.12379
14.82586
12.9509
54.68774
45.26449
54.9113
11.92238
57.00915
70.81617
50.12958
52.77841
555.8848
36.8179
12.51616
12.96541
13.44546
15.17856
13.32211
12.23504
13.01391
13.38934
13.75811
13.5585
12.07136
12.65094
12.98213
12.51937
11.94826
11.28261
12.23679
11.65635
12.01931
13.13017
21.48946
13.73218
11.83982
37.4287
41.89291
30.28284
19.9969
12.83243
15.48272
524.3245
10.89481
12.44903
13.50043
11.47525
13.231
12.05492
13.44546
12.18746
12.68392
11.78889
11.83555
12.68392
13.47976
17.45862
13.24617
12.54061
12.89442
12.61717
13.24616
13.77592
13.15256
11.82003
11.92341
9.605257
13.75515
11.02735
13.1414
10.56298
14.43938
13.09441
555.8925
17.14721
13.8158
19.1687
22.97356
16.37124
15.16905
14.62657
58.83063
22.91781
12.45166
11.60604
13.06332
10.46597
11.32594
14.09218
14.1089
14.04195
11.88678
14.85765
12.68392
14.07484
11.72309
12.1012
12.2186
12.68392
11.16084
11.59094
13.44546
12.68392
11.92238
527.5214
10.53184
44.3234
13.49565
20.7552
28.92042
16.39333
67.15015
27.28251
13.54476
14.22429
11.83917
11.52381
12.34334
13.44546
12.28535
11.85563
12.05492
16.00685
17.17249
14.85372
11.39031
12.20878
10.34178
11.82312
11.98905
11.19103
10.66438
14.03193
8.659526
14.41485
472.6705
16.41108
16.45966
11.42592
13.75417
13.38798
21.55648
13.44546
11.5896
13.86312
12.68392
13.31416
13.51268
13.44546
11.85563
12.81646
12.64831
12.18746
13.44546
17.79881
13.84266
14.04195
12.68392
15.12418
12.48463
15.25686
11.92238
12.05492
19.20166
44.34831
13.28041
555.9078
15.34301
24.29928
46.33657
14.24162
44.48748
28.8004
18.15804
13.56867
11.72309
17.53243
16.77883
13.39483
10.59627
12.41788
13.24617
17.9127
12.14235
13.44546
12.28535
18.17681
16.27254
14.52189
16.89047
11.99084
16.30582
14.40492
12.48463
19.25315
22.16588
21.07017
554.7896
12.68392
13.56867
15.10763
12.68392
24.48839
12.05492
14.78325
11.87771
15.43273
14.72118
14.46114
14.04195
14.73154
9.063741
16.14285
16.40399
12.68392
12.12674
13.5345
12.60136
13.43309
11.56447
11.65635
12.05492
17.58285
11.90046
32.08257
13.28041
16.04385
12.82485
457.498
19.00506
15.05037
54.09481
11.46309
14.8537
11.93835
11.52381
12.44903
12.91473
12.28535
16.54665
12.2186
12.48463
12.11965
13.19586
13.23036
12.96541
15.60939
11.29338
12.68392
11.45706
15.00231
13.44546
12.34636
12.68392
27.03538
15.29961
46.28675
13.56867
18.91135
540.389
20.12524
33.59755
22.10314
12.077
13.67698
13.41295
11.445
12.72884
12.68392
14.0097
14.98561
13.9212
14.3063
12.75144
13.44546
14.44495
13.03218
14.20498
13.44546
11.70503
21.29596
14.05594
13.76036
20.80363
21.04808
11.22462
13.0483
13.94293
10.87835
16.75569
526.4602
27.10561
17.13328
16.42216
13.39515
11.76202
11.92238
13.95974
12.25284
12.2459
12.90421
12.68392
14.88339
12.25919
11.82398
6.706735
14.57655
14.69416
11.92238
15.18071
11.60604
13.47801
15.40857
24.32644
66.47081
19.96777
44.52734
12.48463
12.68392
32.58962
32.49827
503.8946
14.10254
12.50107
12.81646
11.68749
13.91959
12.33641
12.05492
12.94962
13.58456
12.68431
12.64831
15.48272
11.22663
11.25912
12.68392
13.44538
15.11681
11.68749
12.90582
12.68392
10.89481
12.92038
24.4294
16.69227
28.83708
13.19026
11.72309
18.87731
23.2135
30.87531
555.324
13.11966
13.24609
11.45706
10.05182
13.13703
14.81399
12.29138
14.50409
14.46146
11.13892
14.0428
13.44546
12.40271
14.67173
12.77179
12.68392
12.73325
12.28535
12.15448
13.86307
11.25983
12.81646
12.53534
14.80349
13.44546
14.65441
12.57598
13.20235
15.08415
12.28535
516.7238
133.1575
72.11579
41.49294
78.41251
13.10318
12.40967
25.42564
16.37658
28.32632
11.63244
14.4389
12.64831
13.44546
11.92238
13.32477
12.98148
10.84108
13.58501
11.40946
12.68392
13.39515
15.25567
13.44576
15.02239
15.45391
13.09846
16.07919
12.48463
13.9245
146.5721
542.7737
75.48521
14.47383
47.42086
70.19456
31.69671
15.78525
43.55687
22.51095
11.39166
13.79372
12.18746
12.44903
13.44546
11.52381
13.44546
12.88398
12.08606
11.64203
11.72309
11.73953
13.44546
12.28535
12.69989
12.81646
10.92858
11.68749
13.49479
12.99423
75.33535
85.99746
484.2868
37.24022
72.16002
66.94734
23.69988
54.72237
46.78417
39.87354
13.94184
13.53289
13.97576
12.96904
12.6632
13.68667
11.63466
12.25348
10.91125
12.05492
14.19118
13.44546
12.79824
16.65
13.79325
10.65424
11.42592
12.19723
13.99839
14.64856
42.65691
15.97447
35.6268
542.4935
43.94687
35.51728
30.86007
52.68351
14.70505
54.90449
11.85563
11.35979
13.52245
11.45706
13.36971
11.85563
12.68392
10.06652
12.50107
13.23121
12.05492
11.98817
12.27064
12.89917
12.48463
13.23036
11.32452
12.19852
11.78889
14.27373
84.69025
51.83909
75.64086
44.37523
544.1746
96.75207
38.0256
62.84824
11.39031
26.52464
11.98841
14.56224
12.05492
13.61087
12.71609
12.18746
14.50582
13.24617
11.88987
14.54956
13.44546
13.71077
11.16084
12.25284
12.28535
13.34468
13.89889
10.65261
12.58355
14.51933
70.30129
68.72766
63.44422
68.12258
61.88964
489.9414
16.73798
46.54612
39.72097
47.68356
13.00529
12.5513
11.09409
10.37738
12.78227
12.44903
13.71005
12.05492
12.23679
10.3993
13.44546
12.80632
13.61177
12.61717
13.24617
11.16084
13.36289
12.8476
12.68392
12.68392
14.42272
12.09934
18.81117
12.48463
37.87329
43.65336
509.502
50.16991
58.97258
11.88678
16.22238
11.85563
12.88819
10.93033
12.61717
13.34573
12.00461
10.50992
13.91959
12.08606
10.91253
13.03803
11.41467
12.81646
22.28523
12.61717
13.44711
11.92101
14.65529
13.68953
25.52991
37.97117
64.48066
53.68956
53.78165
15.89709
36.37005
519.8738
51.95619
57.5043
10.78599
12.05492
13.09795
11.92238
13.84869
12.05492
11.48189
12.68392
10.49624
11.16084
13.24617
10.82806
10.89481
12.45212
15.95654
15.03946
15.54027
12.63575
13.56691
16.72444
32.44515
13.54438
46.78417
35.32421
58.61969
14.42713
53.56838
19.20843
542.2735
45.67289
16.13657
14.22343
13.14888
12.68392
15.12856
12.68392
17.00617
14.0757
12.81646
11.85563
12.28535
12.40318
13.04689
16.11879
11.92238
12.68392
13.52263
13.42345
13.09057
12.52656
28.90619
22.7043
41.46073
63.74134
38.83332
93.74338
27.60575
68.62727
50.79746
505.7899